111.  -0.000040562436091486926
114.  -5.004949035788656e-6
117.  0.000029471624975459574
120.  0.00005811872215043693
123.  0.00007745112403463703
126.  0.00008556013005023496
129.  0.00008217663423321271
132.  0.00006851650544090307
135.  0.00004696201824939221
138.  0.00002064361892411526
141.  -7.012938653419309e-6
144.  -0.000032716083522767624
147.  -0.000053668901959866064
150.  -0.0000678301778428234
153.  -0.00007406139648812378
156.  -0.00007215969285858043
159.  -0.00006278876080840016
162.  -0.000047328458096939435
165.  -0.000027668982058969176
168.  -5.977209765780256e-6
171.  0.00001553851549559763
174.  0.00003484244017949823
177.  0.000050246795407069406
180.  0.0000605370106494071
183.  0.0000650413661594474
186.  0.00006364539292657445
189.  0.000056756134820237693
192.  0.0000452250634192095
195.  0.000030240822898860566
198.  0.000013204072574236211
201.  -4.403339247811859e-6
204.  -0.000021143704122309223
207.  -0.00003573390277850461
210.  -0.00004713389332768813
213.  -0.00005460868323104038
216.  -0.00005776179214594033
219.  -0.00005654057382988007
222.  -0.00005121580569803409
225.  -0.0000423395632719735
228.  -0.000030686496201056024
231.  -0.000017184252242337535
234.  -2.8389197980577262e-6
237.  0.000011338929669234694
240.  0.000024402643932618342
243.  0.00003552827678920137
246.  0.00004406076269608598
249.  0.000049545595830095793
252.  0.000051745275355625704
255.  0.000050640807011743675
258.  0.0000464194638806438
261.  0.00003945074026331567
264.  0.000030252971646314637
267.  0.00001945341342492486
270.  7.74469816537963e-6
273.  -4.159472588669351e-6
276.  -0.000015566767788231975
279.  -0.000025844514029426793
282.  -0.000034451993200685235
285.  -0.00004096542248735245
288.  -0.00004509479593397326
291.  -0.000046692317342969915
294.  -0.00004575259962316438
297.  -0.000042405264229182796
300.  -0.00003690089275647176
303.  -0.000029591581891447297
306.  -0.000020907489300178887
309.  -0.000011330881424232125
312.  -1.3691710981114851e-6
315.  8.471632063806404e-6
318.  0.0000177117720447039
321.  0.00002591980263083626
324.  0.00003273097820807108
327.  0.000037861354132203246
330.  0.000041117226047352406
333.  0.000042399786720270654
336.  0.00004170511125020317
339.  0.000039119789098394784
342.  0.000034812695094421865
345.  0.00002902353050706015
348.  0.000022048858489034076
351.  0.000014226416811308984
354.  5.918509518399361e-6
357.  -2.5047440168612092e-6
360.  -0.000010681574568994335
363.  -0.000018273490833616365
366.  -0.00002497842292754257
369.  -0.000030541638929556945
372.  -0.00003476413374831931
375.  -0.00003750828951734246
378.  -0.000038700761748402277
381.  -0.00003833263359303019
384.  -0.000036457002840317743
387.  -0.00003318425859630065
390.  -0.00002867535796614452
393.  -0.000023133495469139553
396.  -0.000016794575453867434
399.  -9.916920696976081e-6
402.  -2.7706512977332983e-6
405.  4.372848760999386e-6
408.  0.000011250992684916307
411.  0.00001761923638523935
414.  0.00002325921807538082
417.  0.000027985560497336546
420.  0.00003165116759411035
423.  0.000034150911835134935
426.  0.00003542367218232879
429.  0.000035452742962691835
432.  0.00003426468934567853
435.  0.00003192677394762139
438.  0.000028543120275147437
441.  0.000024249811013900522
444.  0.000019209143145894266
447.  0.000013603276913781549
450.  7.6275180348216645e-6
453.  1.483475587522692e-6
456.  -4.627677255739564e-6
459.  -0.000010511628672704393
462.  -0.000015986848594148312
465.  -0.000020889844813488018
468.  -0.000025079623579193387
471.  -0.00002844125180120744
474.  -0.00003088846663057053
477.  -0.00003236528581365016
480.  -0.00003284663662059915
483.  -0.00003233801803485667
486.  -0.00003087426911554964
489.  -0.000028517510555651164
492.  -0.000025354376368242864
495.  -0.000021492636505993386
498.  -0.000017057352311424222
501.  -0.000012186689804469848
504.  -7.027531476711311e-6
507.  -1.7310215733918532e-6
510.  3.5518277073637022e-6
513.  8.674346653972138e-6
516.  0.000013498127484814856
519.  0.00001789655840933777
522.  0.000021757891559218527
525.  0.000024987784892778382
528.  0.00002751127266643722
531.  0.000029274138984704565
534.  0.00003024368460410645
537.  0.00003040889423343312
540.  0.000029780028954321718
543.  0.000028387679665759716
546.  0.000026281330985483648
549.  0.00002352749487404697
552.  0.00002020748124702041
555.  0.00001641487864798414
558.  0.000012252821605802787
561.  7.83112285715764e-6
564.  3.263347917271417e-6
567.  -1.3360930581652161e-6
570.  -5.8547652579728376e-6
573.  -0.00001018487607345555
576.  -0.000014225730787780039
579.  -0.00001788592705462503
582.  -0.000021085246955070853
585.  -0.000023756215310031205
588.  -0.000025845300090542047
591.  -0.000027313743866068264
594.  -0.00002813802173883662
597.  -0.000028309931030614908
600.  -0.000027836328130358343
603.  -0.00002673852896433982
606.  -0.000025051405295513365
609.  -0.000022822208505847983
612.  -0.000020109158555311316
615.  -0.000016979837739939052
618.  -0.000013509436051669282
621.  -9.778891109968606e-6
624.  -5.872966596544078e-6
627.  -1.8783161051755386e-6
630.  2.1184275853541304e-6
633.  6.032495852528458e-6
636.  9.78272621602785e-6
639.  0.000013293166272793808
642.  0.000016494516188203985
645.  0.000019325380977205823
648.  0.00002173331885741716
651.  0.000023675667906214337
654.  0.00002512014679636006
657.  0.000026045222026043386
660.  0.000026440248827834643
663.  0.000026305384284783204
666.  0.00002565129349157725
669.  0.000024498650588675985
672.  0.000022877464504884932
675.  0.000020826240339027532
678.  0.000018391003490236173
681.  0.000015624211901288913
684.  0.00001258357688130105
687.  9.330823875612102e-6
690.  5.9304165848892245e-6
693.  2.448269795950301e-6
696.  -1.04952281584979e-6
699.  -4.497924024489913e-6
702.  -7.83412893072603e-6
705.  -0.000010998662100574115
708.  -0.000013936378599388094
711.  -0.000016597355182109703
714.  -0.00001893765711043951
717.  -0.000020919973635609406
720.  -0.00002251411447523803
723.  -0.000023697363785202944
726.  -0.000024454691060689193
729.  -0.000024778818786551796
732.  -0.00002467015299240514
735.  -0.000024136581774605152
738.  -0.000023193150414562543
741.  -0.00002186162313114321
744.  -0.00002016994314345186
747.  -0.0000181516041656761
750.  -0.00001584494684690446
765.  -1.5686117594725934e-6
768.  1.4920304885498643e-6
771.  4.504848196256925e-6
774.  7.422140548295507e-6
777.  0.000010198631424077388
780.  0.000012792132681297295
783.  0.000015164138622713356
786.  0.000017280344497626342
789.  0.00001911108336202459
792.  0.000020631677945092503
795.  0.000021822703683645
798.  0.000022670163089555015
801.  0.00002316557120875303
804.  0.000023305954118399286
807.  0.000023093763422669364
810.  0.000022536710902652052
813.  0.00002164752841833924
816.  0.00002044366026079178
819.  0.00001894689282670418
822.  0.000017182931182989612
825.  0.000015180929820949203
828.  0.000012972986046428548
831.  0.000010593605269724943
834.  8.079145915629033e-6
837.  5.467253632597137e-6
840.  2.7962930576153647e-6
843.  1.0478540675010817e-7
846.  -2.5691405178822615e-6
849.  -5.188276106527929e-6
852.  -7.716832734083612e-6
855.  -0.000010120908539958625
858.  -0.000012368914796551008
861.  -0.0000144319585541285
864.  -0.0000162841784574349
867.  -0.00001790302852892782
870.  -0.000019269508646153132
873.  -0.000020368342452127933
876.  -0.00002118809787684514
879.  -0.00002172125314621462
882.  -0.00002196421100478528
885.  -0.00002191725659490106
888.  -0.000021584468414054284
891.  -0.000020973580467836318
894.  -0.0000200957995240367
897.  -0.00001896558484897314
900.  -0.00001760038806382662
903.  -0.00001602036521010045
906.  -0.00001424805896712998
909.  -0.000012308061090249599
912.  -0.000010226656745894311
915.  -8.03145764696643e-6
918.  -5.7510281276789856e-6
921.  -3.414509431078013e-6
924.  -1.051246875809192e-6
927.  1.3095755250223288e-6
930.  3.639288690352641e-6
933.  5.9100765239493105e-6
936.  8.095294152125434e-6
939.  0.000010169764445525092
942.  0.000012110047329103738
945.  0.00001389468358401017
948.  0.00001550440559169376
951.  0.000016922319278766425
954.  0.000018134051356823755
957.  0.000019127863332722144
960.  0.00001989473320129532
963.  0.000020428400604501298
966.  0.000020725381617643006
969.  0.00002078494951489527
972.  0.000020609084082264408
975.  0.00002020239339291549
978.  0.000019572005410395715
981.  0.000018727434775858252
984.  0.00001768042740249244
987.  0.000016444782117633455
990.  0.000015036155019271931
993.  0.000013471848828038918
996.  0.000011770588501870473
999.  9.95228737108477e-6
1002. 8.037806514383642e-6
1005. 6.048709896887145e-6
1008. 4.007017925286738e-6
1011. 1.9349626501366314e-6
1014. -1.4525310026465034e-7
1017. -2.2116902522421343e-6
1020. -4.242899140112977e-6
1023. -6.218134300825843e-6
1026. -8.117556321893726e-6
1029. -9.9224195491215e-6
1032. -0.000011615243031516876
1035. -0.000013179964435015518
1038. -0.000014602075408513667
1041. -0.000015868737416882366
1044. -0.000016968878327186482
1047. -0.0000178932676107391
1050. -0.000018634571705147095
1053. -0.000019187388759086508
1056. -0.00001954826319592912
1059. -0.000019715680458776324
1062. -0.000019690042839516605
1065. -0.000019473626914641688
1068. -0.000019070523427455813
1071. -0.00001848656119712691
1074. -0.000017729215993005947
1077. -0.000016807505645632888
1080. -0.00001573187298124922
1083. -0.000014514057956868546
1086. -0.00001316696060685089
1089. -0.00001170449637675029
1092. -0.000010141445404936027
1095. -8.493297371411932e-6
1098. -6.776093606807676e-6
1101. -5.006267828379072e-6
1104. -3.2004872521844414e-6
1107. -1.3754954110963468e-6
1110. 4.520418815281399e-7
1113. 2.2656860685792274e-6
1116. 4.049369690619289e-6
1119. 5.787533349848179e-6
1122. 7.465254684879425e-6
1125. 9.06836860474282e-6
1128. 0.000010583577744943795
1131. 0.000011998552579055473
1134. 0.000013302020516390894
1137. 0.000014483843534666239
1140. 0.000015535083978350298
1143. 0.000016448058421951764
1146. 0.000017216379140977117
1149. 0.000017834983575412183
1152. 0.000018300151587101017
1155. 0.000018609510860376812
1158. 0.00001876203067935774
1161. 0.000018758004496352057
1164. 0.000018599021785601537
1167. 0.000018287929633922023
1170. 0.000017828784793663984
1173. 0.000017226796749594666
1176. 0.00001648826276647839
1179. 0.000015620495491748623
1182. 0.000014631743780875346
1185. 0.00001353110797785248
1188. 0.000012328450214688375
1191. 0.000011034300751774977
1194. 9.659761137620389e-6
1197. 8.216405174580646e-6
1200. 6.716178396424011e-6
1203. 5.171296986287711e-6
1206. 3.594147017232689e-6
1209. 1.997184759050945e-6
1212. 3.928388215669875e-7
1215. -1.206585246186055e-6
1218. -2.7889970822414265e-6
1221. -4.342609768246281e-6
1224. -5.856023647654568e-6
1227. -7.318305206924783e-6
1230. -8.719060775399101e-6
1233. -0.000010048503952735388
1236. -0.000011297517133365188
1239. -0.000012457706341655502
1242. -0.000013521450035645067
1245. -0.000014481940053327796
1248. -0.000015333216111715942
1251. -0.00001607019307063176
1254. -0.000016688681733896382
1257. -0.000017185401542379895
1260. -0.000017557986978759525
1263. -0.000017804987510012386
1266. -0.00001792586046729223
1269. -0.000017920957466231656
1272. -0.000017791505170593778
1275. -0.000017539580495173756
1278. -0.000017168079451945127
1281. -0.000016680681697061958
1284. -0.00001608181078209125
1287. -0.000015376588955007054
1290. -0.000014570789084669411
1293. -0.000013670783376007837
1296. -0.000012683488228189867
1299. -0.000011616307505640526
1302. -0.000010477073658287028
1305. -9.273986865092574e-6
1308. -8.015553751832038e-6
1311. -6.710525027261569e-6
1314. -5.367833064359337e-6
1317. -3.9965299351140975e-6
1320. -2.605725744482679e-6
1323. -1.2045283314466888e-6
1326. 1.9801579946541922e-7
1329. 1.5929785645603527e-6
1332. 2.9716056493179822e-6
1335. 4.3253689184963065e-6
1338. 5.646016648847341e-6
1341. 6.925620552504487e-6
1344. 8.156619544377463e-6
1347. 9.331860661231574e-6
1350. 0.000010444635453857913
1353. 0.00001148871421036359
1356. 0.000012458374580264372
1359. 0.000013348428246170798
1362. 0.000014154241909770822
1365. 0.000014871756104389428
1368. 0.000015497497332754437
1371. 0.000016028590973539405
1374. 0.000016462764664327028
1377. 0.000016798352044015458
1380. 0.000017034291017472652
1383. 0.00001717011886130984
1386. 0.000017205963681138454
1389. 0.000017142532750376437
1392. 0.00001698109741028379
1395. 0.000016723475401174735
1398. 0.000016372009777014374
1401. 0.000015929546116336356
1404. 0.000015399406209320825
1407. 0.000014785360944743617
1410. 0.000014091599686139516
1413. 0.000013322699676960028
1416. 0.00001248359221089875
1419. 0.000011579529061464042
1422. 0.000010616046815235344
1425. 9.598931024792673e-6
1428. 8.534179656272797e-6
1431. 7.42796596240268e-6
1434. 6.286601720861336e-6
1437. 5.116500051064653e-6
1440. 3.924138913731464e-6
1443. 2.7160249113138013e-6
1446. 1.4986578650068867e-6
1449. 2.7849616904101507e-7
1452. -9.380767030965368e-7
1455. -2.1447846263752374e-6
1458. -3.3354899077685003e-6
1461. -4.504222691707337e-6
1464. -5.6452092878894906e-6
1467. -6.752898196957472e-6
1470. -7.821984676584604e-6
1473. -8.847433698067094e-6
1476. -9.824500289406605e-6
1479. -0.000010748748463502648
1482. -0.00001161606809504076
1485. -0.000012422689211136415
1488. -0.000013165194822070601
1491. -0.000013840531456511828
1494. -0.000014446017264104909
1497. -0.000014979348501478567
1500. -0.000015438603990640458
1503. -0.00001582224703867449
1506. -0.00001612912580829744
1509. -0.00001635847206419505
1512. -0.00001650989726157732
1515. -0.000016583387330302018
1518. -0.000016579296075383227
1521. -0.00001649833632549458
1524. -0.000016341569780106487
1527. -0.000016110395526369635
1530. -0.000015806537320815226
1533. -0.000015432029147978147
1536. -0.000014989200008683103
1539. -0.000014480657712867544
1542. -0.000013909271624209089
1545. -0.000013278154444220397
1548. -0.000012590643497905869
1551. -0.000011850281424284879
1554. -0.000011060796304727469
1557. -0.00001022608133288383
1560. -9.350174303660711e-6
1563. -8.437236913999165e-6
1566. -7.491534078438286e-6
1569. -6.517413079700102e-6
1572. -5.519282965146375e-6
1575. -4.501594135964675e-6
1578. -3.4688182521472303e-6
1581. -2.4254284642065143e-6
1584. -1.3758801674370334e-6
1587. -3.2459226749197335e-7
1590. 7.240709512443548e-7
1593. 1.7658172845545378e-6
1596. 2.7964433892162757e-6
1599. 3.811850688070867e-6
1602. 4.808060520598927e-6
1605. 5.781228392886925e-6
1608. 6.727657304272438e-6
1611. 7.643810163346764e-6
1614. 8.526321291333844e-6
1617. 9.37200675085307e-6
1620. 0.000010177873853277512
1623. 0.000010941129570870932
1626. 0.000011659187926963231
1629. 0.000012329676332821699
1632. 0.0000129504409658181
1635. 0.000013519551121953706
1638. 0.000014035302462652917
1641. 0.00001449621939622716
1644. 0.000014901056384152052
1647. 0.000015248798369796804
1650. 0.000015538660249333053
1653. 0.000015770085448725965
1656. 0.000015942743608185306
1659. 0.000016056527540563523
1662. 0.00001611154926058948
1665. 0.00001610813533837195
1668. 0.000016046821491063358
1671. 0.000015928346552281528
1674. 0.000015753645790596356
1677. 0.000015523843611485495
1680. 0.000015240245775254076
1683. 0.000014904331070025447
1686. 0.00001451774260426518
1689. 0.000014082278596721618
1692. 0.000013599882916856291
1695. 0.000013072635269009272
1698. 0.000012502741115829482
1701. 0.000011892521390729494
1704. 0.00001124440207987522
1707. 0.000010560903600264546
1710. 9.844630154369143e-6
1713. 9.098259050080347e-6
1716. 8.324529995036743e-6
1719. 7.526234457636185e-6
1722. 6.706205098355211e-6
1725. 5.86730530467972e-6
1728. 5.012418898880468e-6
1731. 4.144439990883375e-6
1734. 3.2662631114429166e-6
1737. 2.3807735262695606e-6
1740. 1.4908378588796722e-6
1743. 5.992950307794672e-7
1746. -2.910525419455006e-7
1749. -1.1774473509518003e-6
1752. -2.0571848611852736e-6
1755. -2.9276212008410546e-6
1758. -3.786180430730457e-6
1761. -4.630361391689546e-6
1764. -5.457744224834324e-6
1767. -6.265996329305489e-6
1770. -7.052877985867931e-6
1773. -7.816247470773023e-6
1776. -8.55406574915173e-6
1779. -9.26440072668099e-6
1782. -9.94543103889928e-6
1785. -0.000010595449345953148
1788. -0.000011212865253008989
1791. -0.000011796207742297032
1794. -0.00001234412717150486
1797. -0.000012855396840383613
1800. -0.000013328914147640906
1803. -0.000013763701283653607
1806. -0.000014158905581930074
1809. -0.000014513799429184644
1812. -0.000014827779795709411
1815. -0.000015100367463213137
1818. -0.000015331205798253208
1821. -0.000015520059234129483
1824. -0.0000156668114337078
1827. -0.00001577146312332277
1830. -0.000015834129645878503
1833. -0.00001585503823230194
1836. -0.00001583452502135271
1839. -0.000015773031809773043
1842. -0.000015671102638078832
1845. -0.00001552938011325501
1848. -0.00001534860154470122
1851. -0.00001512959492259048
1854. -0.000014873274742051646
1857. -0.000014580637679667934
1860. -0.000014252758156574323
1863. -0.000013890783827300094
1866. -0.000013495930950102101
1869. -0.000013069479684918043
1872. -0.000012612769349389592
1875. -0.00001212719362537246
1878. -0.000011614195756791501
1881. -0.000011075263728053976
1884. -0.000010511925482544989
1887. -9.925744113342049e-6
1890. -9.318313105474429e-6
1893. -8.691251636891503e-6
1896. -8.046199928445012e-6
1899. -7.384814657335088e-6
1902. -6.7087644826092875e-6
1905. -6.019725598387278e-6
1908. -5.31937744290947e-6
1911. -4.609398501709669e-6
1914. -3.891462225196825e-6
1917. -3.1672330533670336e-6
1920. -2.4383626132264323e-6
1923. -1.7064860056548368e-6
1926. -9.732183091356403e-7
1929. -2.4015112344677006e-7
1932. 4.911506433757971e-7
1935. 1.2191518385393767e-6
1938. 1.9423500115687804e-6
1941. 2.6592781359869523e-6
1944. 3.3685072772495487e-6
1947. 4.068648973689054e-6
1950. 4.758357482202288e-6
1953. 5.436331852749817e-6
1956. 6.101317959310487e-6
1959. 6.7521101375934736e-6
1962. 7.387552803533657e-6
1965. 8.006541852628864e-6
1968. 8.608026028371811e-6
1971. 9.191007891163784e-6
1974. 9.754544777229756e-6
1977. 0.000010297749600082427
1980. 0.000010819791518275047
1983. 0.000011319896326466687
1986. 0.00001179734677724618
1989. 0.000012251482879769246
1992. 0.000012681701866153852
1995. 0.000013087458079319863
1998. 0.000013468262802248583
2001. 0.00001382368397801285
2004. 0.000014153345636406076
2007. 0.00001445692732184636
2010. 0.000014734163562563179
2013. 0.000014984842958543777
2016. 0.00001520880727934082
2019. 0.00001540595059513417
2022. 0.00001557621815972227
2025. 0.000015719605209777137
2028. 0.000015836155849137468
2031. 0.000015925961726161003
2034. 0.000015989160600269722
2037. 0.000016025935020075265
2040. 0.00001603651085248831
2043. 0.00001602115566480448
2046. 0.000015980177259980023
2049. 0.000015913922051969263
2052. 0.000015822773366277914
2055. 0.000015707149855267258
2058. 0.000015567503800561797
2061. 0.000015404319324715345
2064. 0.000015218110767459594
2067. 0.000015009420898530013
2070. 0.000014778819137419102
2073. 0.000014526899938158028
2076. 0.000014254280921076173
2079. 0.000013961601174201629
2082. 0.000013649519582337373
2085. 0.000013318713037255459
2088. 0.000012969874790078616
2091. 0.000012603712750183917
2094. 0.000012220947828514232
2097. 0.000011822312367059152
2100. 0.00001140854846135364
2103. 0.000010980406429429547
2106. 0.00001053864326675246
2109. 0.000010084021140477524
2112. 9.617305927033544e-6
2115. 9.13926577134951e-6
2118. 8.650669713657627e-6
2121. 8.152286360409763e-6
2124. 7.644882552614293e-6
2127. 7.129222114666677e-6
2130. 6.606064660925581e-6
2133. 6.076164404451532e-6
2136. 5.540269055843099e-6
2139. 4.9991187611601594e-6
2142. 4.453445048189019e-6
2145. 3.903969896581477e-6
2148. 3.3514047503402416e-6
2151. 2.796449719438869e-6
2154. 2.2397926815137223e-6
2157. 1.6821085679146709e-6
2160. 1.1240585779564623e-6
2163. 5.662895131685536e-7
2166. 9.433187486416233e-9
2169. -5.458942301672982e-7
2172. -1.0990926380894098e-6
2175. -1.649578655083577e-6
2178. -2.196785906615932e-6
2181. -2.7401655706720443e-6
2184. -3.2791866024138503e-6
2187. -3.8133361603724297e-6
2190. -4.342119769115111e-6
2193. -4.8650616577876224e-6
2196. -5.381704865481607e-6
2199. -5.891611449489934e-6
2202. -6.394362559026493e-6
2205. -6.889558562090462e-6
2208. -7.376819029741854e-6
2211. -7.85578278832313e-6
2214. -8.32610788049526e-6
2217. -8.787471494259294e-6
2220. -9.239569888458153e-6
2223. -9.682118289830281e-6
2226. -0.000010114850710990367
2229. -0.000010537519830941118
2232. -0.000010949896757112335
2235. -0.000011351770843804537
2238. -0.000011742949400372675
2241. -0.000012123257505705909
2244. -0.000012492537630555782
2247. -0.000012850649427482181
2250. -0.00001319746931471387
2253. -0.000013532890274819675
2256. -0.000013856821338402783
2259. -0.000014169187385469398
2262. -0.000014469928625506427
2265. -0.000014759000330616643
2268. -0.000015036372330554866
2271. -0.00001530202869609391
2274. -0.00001555596728427986
2277. -0.000015798199288672326
2280. -0.00001602874886956578
2283. -0.0000162476526560939
2286. -0.000016454959393464848
2289. -0.00001665072939170592
2292. -0.00001683503417667591
2295. -0.000017007955987949327
2298. -0.000017169587363768925
2301. -0.000017320030699126814
2304. -0.0000174593977575347
2307. -0.000017587809293904016
2310. -0.000017705394552793778
2313. -0.0000178122908721086
2316. -0.00001790864322662662
2319. -0.000017994603791437835
2322. -0.00001807033155368874
2325. -0.00001813599184052656
2328. -0.000018191755949839546
2331. -0.00001823780071411647
2334. -0.000018274308113045777
2337. -0.00001830146489132123
2340. -0.000018319462121737096
2343. -0.000018328494890381918
2346. -0.000018328761877621983
2349. -0.00001832046500865297
2352. -0.000018303809106559405
2355. -0.00001827900153271608
2358. -0.00001824625187228209
2361. -0.00001820577158846362
2364. -0.00001815777371720752
2367. -0.000018102472541067545
2370. -0.000018040083298515065
2373. -0.00001797082190031033
2376. -0.000017894904650336276
2379. -0.000017812547964596585
2382. -0.00001772396812743864
2385. -0.000017629381018835444
2388. -0.000017529001887674375
2391. -0.000017423045127521954
2394. -0.000017311724044786872
2397. -0.000017195250662259203
2400. -0.0000170738354993336
2403. -0.000016947687390432788
2406. -0.000016817013305483307
2409. -0.0000166820181525715
2412. -0.000016542904657422936
2415. -0.00001639987318184841
2418. -0.000016253121585306762
2421. -0.0000161028450732449
2424. -0.00001594923610006537
2427. -0.000015792484226849062
2430. -0.00001563277599839539
2433. -0.000015470294868113073
2436. -0.000015305221090476083
2439. -0.000015137731636424699
2442. -0.000014968000112278764
2445. -0.000014796196670814
2448. -0.000014622487974928648
