111.  324.9025201722774
114.  332.4399484647652
117.  342.0331522061267
120.  352.1190566499527
123.  362.15880491863714
126.  372.81104960064465
129.  383.7153727724386
132.  394.8658297443758
135.  406.2643983582073
138.  417.9081293826221
141.  429.81197297818886
144.  441.969114811664
147.  454.38654326910853
150.  467.06500690760254
153.  480.01450647863675
156.  493.23199020043523
159.  506.71781242384736
162.  520.4943065727949
165.  534.5450530531645
168.  548.8792808626382
171.  563.5109071870171
174.  578.4306616693099
177.  593.6465500760595
180.  609.1718671445333
183.  625.0059735323396
186.  641.1465235896276
189.  657.6007250757264
192.  674.3674883887259
195.  691.4749135971283
198.  708.8902903176565
201.  726.6539649990368
204.  744.7583411018561
207.  763.1980598084299
210.  781.9778711503121
213.  801.1268383743053
216.  820.6223222535028
219.  840.4894065407592
222.  860.71289712241
225.  881.3266337076278
228.  902.3145020160747
231.  923.6718965398646
234.  945.4360405555404
237.  967.6003950104783
240.  990.151941988749
243.  1013.133900132415
246.  1036.5270180732712
249.  1060.325226801916
252.  1084.5761374292265
255.  1109.2402822611234
258.  1134.3591745635697
261.  1159.920374659661
264.  1185.9416909723905
267.  1212.4374074253142
270.  1239.408108449529
273.  1266.8638672255304
276.  1294.7956228801206
279.  1323.2001131022557
282.  1352.140222730133
285.  1381.6137164354716
288.  1411.5861476712694
291.  1442.0796194154723
294.  1473.1258757820585
297.  1504.7233158211252
300.  1536.8833428158603
303.  1569.6323716554823
306.  1602.9371204546492
309.  1636.8682094558487
312.  1671.3908313946301
315.  1706.53263554027
318.  1742.2742679943437
321.  1778.6836857222984
324.  1815.7592796110707
327.  1853.4876677956368
330.  1891.8654154854703
333.  1930.9717796456246
336.  1970.7727571578866
339.  2011.3136674105035
342.  2052.5768523924003
345.  2094.586737347624
348.  2137.333965104485
351.  2180.910089556722
354.  2225.274121927108
357.  2270.4392296901938
360.  2316.4600734461483
363.  2363.3383498737785
366.  2411.0746689188645
369.  2459.7304952545455
372.  2509.2629649909686
375.  2559.7290377586924
378.  2611.1473622213166
381.  2663.5575449916387
384.  2716.946943692238
387.  2771.386870622905
390.  2826.8276487462795
393.  2883.3940803953687
396.  2941.0175962470375
399.  2999.7900006445907
402.  3059.680310306325
405.  3120.8035969893235
408.  3183.102090841258
411.  3246.641116577959
414.  3311.430064980357
417.  3377.558872027859
420.  3445.0382310134987
423.  3513.8727019620305
426.  3584.1140018560313
429.  3655.7642678449365
432.  3728.9384160444197
435.  3803.6553838483546
438.  3879.953112646983
441.  3957.8717454260295
444.  4037.4269716824183
447.  4118.682390643431
450.  4201.686114909182
453.  4286.48999137715
456.  4373.153640684879
459.  4461.738386182134
462.  4552.291711005658
465.  4644.874065369647
468.  4739.6047066833535
471.  4836.497761327816
474.  4935.589083904082
477.  5036.9367118409355
480.  5140.688807787956
483.  5246.935363586955
486.  5355.672739043922
489.  5467.005444939392
492.  5581.036702413154
495.  5697.879274407312
498.  5817.605185236051
501.  5940.266994962284
504.  6066.017763982365
507.  6194.99491331651
510.  6327.365056264163
513.  6463.201271648378
516.  6602.521824622763
519.  6745.500220150285
522.  6892.286678837186
525.  7043.086310799156
528.  7198.068933466655
531.  7357.334312115282
534.  7521.055777845629
537.  7689.464334626616
540.  7862.739620974653
543.  8041.030741137212
546.  8224.55307741512
549.  8413.508847087687
552.  8608.172151874413
555.  8808.823538403243
558.  9015.741700242004
561.  9229.200546132166
564.  9449.490170325696
567.  9676.876630372362
570.  9911.69758760778
573.  10154.30913544711
576.  10405.100145414403
579.  10664.561561947834
582.  10933.146090305016
585.  11211.304216852124
588.  11499.382139815985
591.  11798.072463845081
594.  12107.99018728636
597.  12429.728087074946
600.  12763.797955692175
603.  13110.76520216499
606.  13471.68214047245
609.  13847.39847069618
612.  14238.8406655178
615.  14646.781421342548
618.  15072.181760102401
621.  15516.540254960926
624.  15981.024346697703
627.  16467.10043978653
630.  16976.05049996054
633.  17509.088235911317
636.  18068.633251013143
639.  18656.29747882183
642.  19274.400918602172
645.  19925.734418742344
648.  20611.971387256697
651.  21336.92256100155
654.  22104.1659907016
657.  22915.51540935625
660.  23777.155385299342
663.  24693.438464559917
666.  25667.159277631697
669.  26707.414869754975
672.  27820.17475683749
675.  29009.149904821847
678.  30288.833358682026
681.  31668.553961388618
684.  33151.622258594834
687.  34763.145275656454
690.  36519.84603783057
693.  38419.901024594095
696.  40509.49083767337
699.  42818.62263844148
702.  45339.41067222356
705.  48145.96342960375
708.  51310.16847994105
711.  54825.93837902716
714.  58766.234671751336
717.  63352.92588773117
720.  68707.64150324192
723.  74427.93078259224
726.  81526.01470820715
729.  90456.71140100565
732.  98731.29597304016
735.  108401.85386950328
738.  125312.00660192486
741.  152633.1095242255
744.  255593.9833136286
747.  353321.46348419064
750.  410651.63372620294
765.  -680411.6125302684
768.  -600013.9497052305
771   -458111.700800867
774.  -288255.98287034925
777.  -167443.3927045511
780.  -131427.32316411563
783.  -114037.00758749818
786.  -109428.44707969292
789.  -106575.06951841441
792.  -96571.96158951582
795.  -88782.73250062113
798.  -82737.49676516894
801.  -77820.31387731126
804.  -72842.90252630672
807.  -68588.60005845736
810.  -64944.68220216216
813.  -61798.42468582006
816.  -58853.70395385593
819.  -56186.43376697357
822.  -53806.41502568094
825.  -51674.176103502046
828.  -49726.08384620029
831.  -47899.30755690793
834.  -46230.56997712721
837.  -44703.22828589615
840.  -43300.63966225274
843.  -41986.04943976797
846.  -40758.01523239048
849.  -39618.10838779211
852.  -38557.913612113734
855.  -37569.01561149623
858.  -36629.079960823175
861.  -35744.93689871624
864.  -34914.338702272194
867.  -34132.990198390544
870.  -33396.59621397078
873.  -32694.358268400698
876.  -32029.312834755554
879.  -31399.531599314687
882.  -30802.442979098676
885.  -30235.475391128097
888.  -29692.349283649037
891.  -29173.86984930217
894.  -28679.625446518257
897.  -28208.112225819972
900.  -27757.82633772999
903.  -27326.104088635282
906.  -26911.408979592354
909.  -26514.160002104563
912.  -26133.380196976934
915.  -25768.092605014488
918.  -25417.320267022253
921.  -25078.279676397266
924.  -24751.99131688214
927.  -24437.98826210937
930.  -24135.669620319968
933.  -23844.434499754956
936.  -23563.488335735074
939.  -23291.72551669461
942.  -23029.429960299633
945.  -22776.165050779386
948.  -22531.49417236312
951.  -22294.980709280077
954.  -22065.935312624348
957.  -21843.51277986834
960.  -21628.123553955367
963.  -21419.487478997802
966.  -21217.32439910801
969.  -21021.35415839836
972.  -20831.255280495436
975.  -20646.379812306375
978.  -20466.92725708714
981.  -20292.687427123306
984.  -20123.450134700444
987.  -19959.00519210413
990.  -19799.142411619934
993.  -19643.199062531567
996.  -19491.250745087465
999.  -19343.404515480936
1002. -19199.54518281153
1005. -19059.557556178814
1008. -18923.326444682345
1011. -18790.73665742168
1014. -18661.91560792628
1017. -18536.47861223053
1020. -18414.27641207585
1023. -18295.161736308455
1026. -18178.98731377455
1029. -18065.60587332034
1032. -17954.83743577069
1035. -17845.73658464905
1038. -17739.085109991778
1041. -17634.84021475149
1044. -17532.959101880802
1047. -17433.39897433234
1050. -17336.117035058713
1053. -17241.07048701255
1056. -17148.337424004563
1059. -17057.774725168107
1062. -16969.2905951322
1065. -16882.82537727096
1068. -16798.31941495853
1071. -16715.713051569026
1074. -16634.946630476592
1077. -16555.91735415726
1080. -16478.46945513661
1083. -16402.703569634188
1086. -16328.578817084664
1089. -16256.054316922697
1092. -16185.08918858295
1095. -16115.642551500085
1098. -16047.673525108763
1101. -15981.147262224697
1104. -15916.028072295718
1107. -15852.261854060069
1110. -15789.806091524762
1113. -15728.61826869681
1116. -15668.655869583221
1119. -15609.87637819101
1122. -15552.237278527182
1125. -15495.667409504706
1128. -15439.876398205139
1131. -15385.123395551338
1134. -15331.391930989344
1137. -15278.665533965197
1140. -15226.92773392494
1143. -15176.162060314613
1146. -15126.352042580256
1149. -15077.48121016791
1152. -15029.521258371346
1155. -14982.45470728257
1158. -14936.28053475389
1161. -14890.984227512525
1164. -14846.551272285686
1167. -14802.967155800585
1170. -14760.217364784437
1173. -14718.287385964457
1176. -14677.162706067858
1179. -14636.80674802926
1182. -14597.199524808751
1185. -14558.358654240852
1188. -14520.273188506806
1191. -14482.93217978786
1194. -14446.324680265261
1197. -14410.439742120258
1200. -14375.266417534096
1203. -14340.793758688023
1206. -14307.010817763286
1209. -14273.94098391414
1212. -14241.538374222471
1215. -14209.788513798318
1218. -14178.678174569852
1221. -14148.194128465251
1224. -14118.323147412686
1227. -14089.052003340332
1230. -14060.367468176364
1233. -14032.256313848955
1236. -14004.70924239614
1239. -13977.84469021324
1242. -13951.506850456517
1245. -13925.674381208688
1248. -13900.32594055246
1251. -13875.440186570548
1254. -13850.99577734566
1257. -13826.971370960513
1260. -13803.345625497812
1263. -13780.097199040272
1266. -13757.204749670604
1269. -13734.285842553452
1272. -13711.442329958818
1275. -13688.935918898012
1278. -13666.77734566847
1281. -13644.97734656763
1284. -13623.54665789293
1287. -13602.496015941811
1290. -13581.836157011709
1293. -13561.57781740006
1296. -13541.731733404305
1299. -13522.308641321883
1302. -13503.691521800036
1305. -13485.748957315283
1308. -13468.22064341595
1311. -13451.088277509032
1314. -13434.333557001522
1317. -13417.938179300418
1320. -13401.883841812709
1323. -13386.152241945394
1326. -13370.725077105468
1329. -13355.584044699923
1332. -13340.710842135753
1335. -13326.058044909876
1338. -13310.86056864716
1341. -13295.904304964335
1344. -13281.205265884419
1347. -13266.779463430432
1350. -13252.642909625396
1353. -13238.81161649233
1356. -13225.30159605426
1359. -13212.1288603342
1362. -13199.309421355174
1365. -13186.859291140203
1368. -13174.794481712306
1371. -13163.131005094507
1374. -13152.648876064628
1377. -13142.733274296652
1380. -13133.210880306131
1383. -13124.062660657819
1386. -13115.269581916462
1389. -13106.812610646813
1392. -13098.67271341362
1395. -13090.830856781635
1398. -13083.268007315604
1401. -13075.965131580282
1404. -13068.903196140414
1407. -13062.063167560753
1410. -13055.426012406047
1413. -13048.316672992169
1416. -13041.34635413165
1419. -13034.562115219369
1422. -13027.968770031728
1425. -13021.571132345136
1428. -13015.374015935999
1431. -13009.382234580722
1434. -13003.60060205571
1437. -12998.033932137374
1440. -12992.687038602116
1443. -12987.564735226344
1446. -12982.671835786463
1449. -12978.013154058879
1452. -12973.802205378106
1455. -12970.32050378472
1458. -12967.065669712572
1461. -12964.021303876474
1464. -12961.171006991231
1467. -12958.498379771656
1470. -12955.987022932555
1473. -12953.62053718874
1476. -12951.382523255019
1479. -12949.2565818462
1482. -12947.226313677094
1485. -12945.27531946251
1488. -12943.387199917255
1491. -12941.54555575614
1494. -12939.733987693975
1497. -12936.596172008205
1500. -12933.23005121445
1503. -12929.911260298893
1506. -12926.666373561535
1509. -12923.521965302374
1512. -12920.50460982141
1515. -12917.640881418645
1518. -12914.957354394079
1521. -12912.48060304771
1524. -12910.23720167954
1527. -12908.253724589567
1530. -12906.556746077793
1533. -12905.172840444216
1536. -12904.128581988838
1539. -12903.450545011658
1542. -12904.163911270283
1545. -12906.296128946464
1548. -12908.81793566623
1551. -12911.707798258047
1554. -12914.944183550384
1557. -12918.505558371715
1560. -12922.370389550504
1563. -12926.517143915224
1566. -12930.924288294342
1569. -12935.570289516327
1572. -12940.433614409649
1575. -12945.492729802778
1578. -12950.726102524182
1581. -12956.11219940233
1584. -12961.629487265694
1587. -12967.25643294274
1590. -12972.749685375793
1593. -12977.261338939998
1596. -12981.840001237399
1599. -12986.490995319728
1602. -12991.219644238716
1605. -12996.031271046095
1608. -13000.931198793596
1611. -13005.924750532951
1614. -13011.017249315893
1617. -13016.214018194152
1620. -13021.520380219461
1623. -13026.94165844355
1626. -13032.48317591815
1629. -13038.150255694996
1632. -13043.948220825818
1635. -13049.882394362345
1638. -13055.958099356312
1641. -13062.18065885945
1644. -13068.127743122684
1647. -13074.116426558678
1650. -13080.282028869246
1653. -13086.640034942515
1656. -13093.205929666614
1659. -13099.99519792967
1662. -13107.023324619811
1665. -13114.305794625165
1668. -13121.858092833862
1671. -13129.695704134025
1674. -13137.834113413786
1677. -13146.288805561273
1680. -13155.075265464613
1683. -13164.208978011933
1686. -13173.705428091362
1689. -13183.580100591027
1692. -13193.84848039906
1695. -13204.526052403582
1698. -13216.065635566803
1701. -13229.730589564242
1704. -13243.824607232704
1707. -13258.32869422729
1710. -13273.223856203105
1713. -13288.491098815251
1716. -13304.111427718832
1719. -13320.065848568947
1722. -13336.335367020702
1725. -13352.900988729198
1728. -13369.743719349537
1731. -13386.844564536825
1734. -13404.18452994616
1737. -13421.74462123265
1740. -13439.505844051393
1743. -13457.449204057493
1746. -13475.555706906054
1749. -13493.806358252177
1752. -13512.182163750966
1755. -13530.664129057523
1758. -13549.196026232692
1761. -13567.719261976015
1764. -13586.293035658588
1767. -13604.899966731558
1770. -13623.522674646076
1773. -13642.143778853288
1776. -13660.745898804342
1779. -13679.311653950386
1782. -13697.82366374257
1785. -13716.264547632041
1788. -13734.616925069948
1791. -13752.86341550744
1794. -13770.986638395661
1797. -13788.969213185765
1800. -13806.793759328897
1803. -13824.442896276205
1806. -13841.899243478838
1809. -13859.145420387946
1812. -13876.164046454674
1815. -13892.937741130172
1818. -13909.44912386559
1821. -13925.680814112073
1824. -13936.953976820098
1827. -13947.930578590851
1830. -13958.658900815968
1833. -13969.178759773757
1836. -13979.529971742526
1839. -13989.752353000586
1842. -13999.885719826247
1845. -14009.969888497815
1848. -14020.044675293604
1851. -14030.14989649192
1854. -14040.325368371072
1857. -14050.61090720937
1860. -14061.046329285124
1863. -14071.671450876642
1866. -14082.526088262235
1869. -14093.65005772021
1872. -14105.083175528878
1875. -14116.865257966549
1878. -14129.036121311528
1881. -14141.635581842129
1884. -14154.703455836658
1887. -14168.279559573426
1890. -14182.679767631145
1893. -14202.151005668817
1896. -14222.226935453431
1899. -14242.897135381181
1902. -14264.151183848262
1905. -14285.978659250863
1908. -14308.369139985181
1911. -14331.312204447406
1914. -14354.797431033734
1917. -14378.814398140355
1920. -14403.352684163467
1923. -14428.401867499259
1926. -14453.951526543924
1929. -14479.991239693656
1932. -14506.51058534465
1935. -14533.499141893097
1938. -14560.94648773519
1941. -14588.842201267124
1944. -14617.175860885089
1947. -14645.937044985281
1950. -14675.115331963894
1953. -14704.700300217117
1956. -14734.681528141147
1959. -14765.048594132175
1962. -14795.791076586394
1965. -14826.315813211695
1968. -14855.934737841844
1971. -14885.908516970107
1974. -14916.243402111873
1977. -14946.945644782534
1980. -14978.021496497477
1983. -15009.477208772094
1986. -15041.319033121772
1989. -15073.553221061906
1992. -15106.18602410788
1995. -15139.223693775086
1998. -15172.672481578915
2001. -15206.538639034756
2004. -15240.828417657998
2007. -15275.548068964034
2010. -15310.703844468248
2013. -15346.301995686035
2016. -15382.348774132783
2019. -15418.850431323881
2022. -15455.81321877472
2025. -15493.24338800069
2028. -15531.147190517178
2031. -15569.53087783958
2034. -15608.400701483279
2037. -15647.762912963668
2040. -15687.623763796135
2043. -15727.989505496073
2046. -15768.86638957887
2049. -15810.260667559916
2052. -15852.1785909546
2055. -15894.626411278314
2058. -15937.610380046444
2061. -15981.136748774383
2064. -16025.21176897752
2067. -16069.841692171245
2070. -16115.032769870948
2073. -16160.791253592017
2076. -16207.123394849845
2079. -16254.035445159818
2082. -16301.533656037329
2085. -16349.624278997766
2088. -16398.31356555652
2091. -16447.60776722898
2094. -16497.513135530535
2097. -16548.035921976574
2100. -16599.182378082493
2103. -16650.958755363674
2106. -16703.371305335513
2109. -16756.426279513395
2112. -16810.129929412713
2115. -16864.488506548856
2118. -16919.50826243721
2121. -16975.19544859317
2124. -17031.556316532125
2127. -17088.597117769466
2130. -17146.324103820578
2133. -17204.743526200855
2136. -17263.861636425685
2139. -17323.684686010456
2142. -17384.218926470563
2145. -17445.47060932139
2148. -17507.44598607833
2151. -17570.151308256773
2154. -17633.592827372107
2157. -17697.776794939724
2160. -17762.709462475013
2163. -17828.397081493364
2166. -17894.845903510166
2169. -17962.062180040808
2172. -18030.05216260068
2175. -18098.822102705177
2178. -18168.378251869683
2181. -18238.72686160959
2184. -18309.874183440286
2187. -18381.82646887716
2190. -18454.589969435605
2193. -18528.170936631013
2196. -18602.57562197877
2199. -18677.810276994263
2202. -18753.881153192884
2205. -18830.794502090026
2208. -18908.556575201077
2211. -18987.17362404143
2214. -19066.651900126464
2217. -19146.997654971583
2220. -19228.217140092165
2223. -19310.316607003606
2226. -19393.302307221296
2229. -19477.180492260624
2232. -19561.957413636977
2235. -19647.639322865747
2238. -19734.232471462325
2241. -19821.743110942098
2244. -19910.177492820458
2247. -19999.541868612796
2250. -20089.842489834497
2253. -20181.085608000958
2256. -20273.27747462756
2259. -20366.4243412297
2262. -20460.532459322767
2265. -20555.608080422146
2268. -20651.65745604323
2271. -20748.68683770141
2274. -20846.702476912073
2277. -20945.71062519061
2280. -21045.71753405241
2283. -21146.729455012868
2286. -21248.75263958737
2289. -21351.793339291304
2292. -21455.85780564006
2295. -21560.952290149027
2298. -21667.0830443336
2301. -21774.256319709166
2304. -21882.478367791115
2307. -21991.755440094836
2310. -22102.09378813572
2313. -22213.499663429153
2316. -22325.979317490528
2319. -22439.539001835237
2322. -22554.18496797867
2325. -22669.92346743621
2328. -22786.76075172325
2331. -22904.703072355183
2334. -23023.756680847397
2337. -23143.927828715277
2340. -23265.222767474224
2343. -23387.647748639618
2346. -23511.20902372685
2349. -23635.912844251317
2352. -23761.7654617284
2355. -23888.773127673492
2358. -24016.94209360198
2361. -24146.27861102926
2364. -24276.78893147072
2367. -24408.47930644175
2370. -24541.355987457733
2373. -24675.42522603407
2376. -24810.69327368614
2379. -24947.166381929343
2382. -25084.85080227906
2385. -25223.752786250683
2388. -25363.878585359605
2391. -25505.234451121214
2394. -25647.8266350509
2397. -25791.661388664055
2400. -25936.744963476063
2403. -26083.083611002316
2406. -26230.683582758207
2409. -26379.551130259126
2412. -26529.69250502046
2415. -26681.1139585576
2418. -26833.82174238593
2421. -26987.82210802085
2424. -27143.12130697774
2427. -27299.725590772003
2430. -27457.641210919013
2433. -27616.874418934167
2436. -27777.431466332862
2439. -27939.318604630476
2442. -28102.542085342404
2445. -28267.108159984036
2448. -28433.023080070765
