111.  0.00004692058060072535
114.  8.409731789376299e-6
117.  -0.000029352924166627742
120.  -0.00006116531635804431
123.  -0.00008314642819689649
126.  -0.0000930916820513732
129.  -0.00009056030363106075
132.  -0.00007672710954012227
135.  -0.00005405454891082275
138.  -0.000025852760302269397
141.  4.203106944916127e-6
144.  0.000032535947661253675
147.  0.00005606046560725799
150.  0.00007247389243575485
153.  0.00008042660681950948
156.  0.00007957115296075977
159.  0.00007050113381327251
162.  0.0000546010019238506
165.  0.000033833576849705175
168.  0.000010494312247995375
171.  -0.00001303970836835118
174.  -0.00003454154709572696
177.  -0.00005212774671793129
180.  -0.00006440019976727635
183.  -0.00007052996194663891
186.  -0.00007028245781996303
189.  -0.00006398869787391707
192.  -0.00005247115541119595
195.  -0.00003693565582536404
198.  -0.00001884198004790857
201.  2.3394968396126017e-7
204.  0.00001873437819247733
207.  0.00003524031879366674
210.  0.00004857055463850307
213.  0.000057853731487581536
216.  0.00006257089844037345
219.  0.00006256834781703109
222.  0.00005804279771705299
225.  0.00004950272836803375
228.  0.00003771093595111629
231.  0.00002361413986461405
234.  8.265725145524483e-6
237.  -7.25249371646429e-6
240.  -0.000021904156125649727
243.  -0.00003476341221319018
246.  -0.00004506773035236628
249.  -0.00005225616054415861
252.  -0.00005599193926025938
255.  -0.00005616940420513791
258.  -0.000052906166770072495
261.  -0.00004652229536652336
264.  -0.00003750888103796293
267.  -0.000026488752381004142
270.  -0.000014172306056987875
273.  -1.3114188331228686e-6
276.  0.00001134576304744452
279.  0.000023096670949343983
282.  0.000033320732084050905
285.  0.00004150878926416069
288.  0.000047284460727002214
291.  0.00005041694021705319
294.  0.00005082520575461038
297.  0.00004857409510340127
300.  0.000043863059363526305
303.  0.000037008749559676137
306.  0.0000284227648670334
309.  0.000018586061342108403
312.  8.021534433933765e-6
315.  -2.73374115772562e-6
318.  -0.000013155235091558278
321.  -0.00002275543707279446
324.  -0.0000311050795128892
327.  -0.00003785033748936314
330.  -0.000042725487287375376
333.  -0.00004556075686894461
336.  -0.00004628534341635202
339.  -0.00004492579449665133
342.  -0.00004160014187754703
345.  -0.00003650833766296553
348.  -0.00002991965906509145
351.  -0.0000221578311865115
354.  -0.000013584660801658327
357.  -4.5829748973478865e-6
360.  4.460374193899409e-6
363.  0.00001317072829643208
366.  0.000021200451720273963
369.  0.00002824184493343846
372.  0.00003403775138882203
375.  0.00003838956458236865
378.  0.00004116249433227407
381.  0.00004228804450629783
384.  0.000041763781790137164
387.  0.00003965057840998536
390.  0.00003606757394685717
393.  0.000031185199638200476
396.  0.00002521663902366213
399.  0.000018408136419851107
402.  0.00001102858049020243
405.  3.3587884389809985e-6
408.  -4.319104231585481e-6
411.  -0.000011731772527856332
414.  -0.000018624016560484185
417.  -0.00002476697973234081
420.  -0.000029965045921875398
423.  -0.00003406125161586451
426.  -0.00003694111111737154
429.  -0.00003853481402804357
432.  -0.000038817812055075714
435.  -0.000037809865463706794
438.  -0.000035572666522754196
441.  -0.000032206196776925974
444.  -0.00002784400709944586
447.  -0.000022647633548021992
450.  -0.00001680037225387567
453.  -0.00001050065068459204
456.  -3.955224985223734e-6
459.  2.6275743284443277e-6
462.  9.044339473832862e-6
465.  0.000015102638689464406
468.  0.000020626464689376116
471.  0.000025460940199681937
474.  0.000029476186129235485
477.  0.00003257026717522465
480.  0.000034671189997138445
483.  0.000035737929011422844
486.  0.00003576051375518974
489.  0.00003475920827475887
492.  0.00003278286859748731
495.  0.000029906548830646353
498.  0.000026228477618227327
501.  0.000021866510182028782
504.  0.00001695418546674253
507.  0.000011636518353154318
510.  6.065651616359691e-6
513.  3.9649656651953356e-7
516.  -5.217520419999989e-6
519.  -0.00001062849688553938
522.  -0.000015697780047686677
525.  -0.00002029929682853911
528.  -0.000024322419204642965
531.  -0.000027674312801134027
534.  -0.00003028173200939881
537.  -0.000032092241093110533
540.  -0.000033074858461397016
543.  -0.00003322013407139699
546.  -0.00003253968464492908
549.  -0.00003106522349336844
552.  -0.000028847132566112103
555.  -0.00002595263288737701
558.  -0.000022463616689920184
561.  -0.00001847420926299881
564.  -0.000014088131712872852
567.  -9.415936722819109e-6
570.  -4.5721888718881174e-6
573.  3.2734145939312373e-7
576.  5.168405491193591e-6
579.  9.84086465048892e-6
582.  0.000014241086772771934
585.  0.000018274103890142533
588.  0.00002185549173912732
591.  0.000024912941871441603
594.  0.00002738750391177429
597.  0.00002923448449797753
600.  0.000030423999963691627
603.  0.000030941181049168395
606.  0.000030786044588856654
609.  0.000029973048006559546
612.  0.000028530349955598035
615.  0.000026498803245111744
618.  0.000023930716872255682
621.  0.000020888421713081333
624.  0.000017442675485144578
627.  0.000013670952258223114
630.  9.655652869271889e-6
633.  5.482277888684245e-6
636.  1.2376028347117594e-6
639.  -2.992108598813369e-6
642.  -7.1228180910012175e-6
645.  -0.000011074321062375441
648.  -0.000014771723543794314
651.  -0.00001814676164704995
654.  -0.000021138946520408004
657.  -0.000023696516374391076
660.  -0.00002577718921790504
663.  -0.000027348703517706662
666.  -0.000028389154092035337
669.  -0.00002888711355268991
672.  -0.000028841557606749454
675.  -0.000028261594017323387
678.  -0.00002716601254153651
681.  -0.00002558267340362086
684.  -0.000023547745237038933
687.  -0.00002110481955754206
690.  -0.000018303919907312773
693.  -0.000015200426159951766
696.  -0.000011853939843659347
699.  -8.327112026979788e-6
702.  -4.684454832241739e-6
705.  -9.91160229467021e-7
708.  2.688054240707369e-6
711.  6.290054031936512e-6
714.  9.754331961060608e-6
717.  0.000013023973489926962
720.  0.00001604652908533422
723.  0.000018774782412282106
726.  0.000021167405710196625
729.  0.00002318949421728675
732.  0.000024812976869671785
735.  0.000026016900314877422
738.  0.00002678758648274668
741.  0.000027118665912163987
744.  0.00002701099087969527
747.  0.000026472434573984356
750.  0.0000255175834680898
765.  0.000015421344964636348
768.  0.000012589844507399601
771.  9.588506488667208e-6
774.  6.465155221626745e-6
777.  3.2685284572262136e-6
780.  4.75189459751763e-8
783.  -3.1495628197763034e-6
786.  -6.2756944541189e-6
789.  -9.285806468709833e-6
792.  -0.000012137398006040239
795.  -0.00001479109547431196
798.  -0.000017211148458869094
801.  -0.000019365857688344705
804.  -0.00002122793128217837
807.  -0.00002277476663007879
810.  -0.000023988656628048733
813.  -0.000024856919749853458
816.  -0.00002537195584334448
819.  -0.00002553122751214529
822.  -0.000025337171845050025
825.  -0.000024797045495388208
828.  -0.0000239227074144255
831.  -0.000022730345597551313
834.  -0.00002124015165839489
837.  -0.000019475950937188506
840.  -0.00001746479453041598
843.  -0.000015236520351400788
846.  -0.00001282328936266344
849.  -0.000010259104586499154
852.  -7.579320189616291e-6
855.  -4.820147362230007e-6
858.  -2.0181629323350157e-6
861.  7.901718373901e-7
864.  3.5689771789827307e-6
867.  6.283399622915155e-6
870.  8.900030318671564e-6
873.  0.000011387293740187394
876.  0.000013715800924591295
879.  0.000015858664899141502
882.  0.00001779177737340119
885.  0.000019494040129781083
888.  0.000020947554810616585
891.  0.000022137767012832146
894.  0.00002305356421804994
897.  0.000023687331926150227
900.  0.000024034961725778734
903.  0.000024095821178342016
906.  0.0000238726792714501
909.  0.000023371596207390638
912.  0.000022601775558798934
915.  0.000021575384555693576
918.  0.00002030734442027743
921.  0.0000188150944587615
924.  0.000017118333852714643
927.  0.00001523874455869166
930.  0.000013199699259660307
933.  0.000011025958467980136
936.  8.743360013271875e-6
939.  6.378505634344137e-6
942.  3.9584472281420625e-6
945.  1.5103773027921478e-6
948.  -9.386736925617435e-7
951.  -3.362129830081124e-6
954.  -5.734148897883345e-6
957.  -8.029885634846537e-6
960.  -0.000010225737559855695
963.  -0.000012299569281274783
966.  -0.000014230916132677142
969.  -0.00001600116359619845
972.  -0.000017593701574097932
975.  -0.00001899405493875033
978.  -0.000020189986106092523
981.  -0.000021171571855953034
984.  -0.00002193125542463244
987.  -0.00002246387046023008
990.  -0.000022766640683723588
993.  -0.00002283915590309862
996.  -0.00002268332320711218
999.  -0.000022303296435164182
1002. -0.00002170538525785446
1005. -0.000020897945243204032
1008. -0.000019891249609496385
1011. -0.000018697346141161202
1014. -0.000017329900549360465
1017. -0.000015804027989584476
1020. -0.00001413611477105571
1023. -0.00001234363288896259
1026. -0.000010444948971240299
1029. -8.459129941943964e-6
1032. -6.405746936922945e-6
1035. -4.304679912103864e-6
1038. -2.175924635716222e-6
1041. -3.9403761805355995e-8
1044. 2.0852164089574396e-6
1047. 4.178701749997912e-6
1050. 6.222417421224156e-6
1053. 8.19848496171682e-6
1056. 0.000010089928235589986
1059. 0.000011880807171929872
1062. 0.000013556338625517126
1065. 0.000015103003600591905
1068. 0.00001650863996044629
1071. 0.000017762520800442746
1074. 0.00001885541788499757
1077. 0.00001977965014676682
1080. 0.000020529117293765998
1083. 0.000021099318657351085
1086. 0.000021487357596694616
1089. 0.00002169193197451051
1092. 0.0000217133110620063
1095. 0.000021553299657866227
1098. 0.00002121519004744136
1101. 0.000020703702546518944
1104. 0.000020024915644563063
1107. 0.000019186186609926085
1110. 0.000018196063512312475
1113. 0.000017064189598628238
1116. 0.000015801201235817442
1119. 0.000014418620395423792
1122. 0.00001292874265509189
1125. 0.000011344521917142595
1128. 9.679452829659844e-6
1131. 7.947451947709368e-6
1134. 6.162738673058607e-6
1137. 4.3397168605278e-6
1140. 2.4928581357803534e-6
1143. 6.365877181348e-7
1146. -1.2148263753647623e-6
1149. -3.047380016004561e-6
1152. -4.847434714072746e-6
1155. -6.6018139775175314e-6
1158. -8.297893501744347e-6
1161. -9.92368484397489e-6
1164. -0.000011467911993585244
1167. -0.000012920080569129293
1170. -0.000014270539328636466
1173. -0.000015510533717342967
1176. -0.00001663225137788106
1179. -0.000017628859569208754
1182. -0.000018494534103609975
1185. -0.000019224480349866048
1188. -0.000019814946096839727
1191. -0.000020263226534488005
1194. -0.000020567661458842074
1197. -0.00002072762523433612
1200. -0.000020743509524444315
1203. -0.000020616699027931205
1206. -0.0000203495410706371
1209. -0.00001994530914603769
1212. -0.00001940816076406449
1215. -0.000018743090783545608
1218. -0.000017955879384116724
1221. -0.000017053036451603953
1224. -0.00001604174228920382
1227. -0.00001492978531668428
1230. -0.000013725497446940226
1233. -0.000012437687024623655
1236. -0.00001107557070912923
1239. -9.64870420018326e-6
1242. -8.166912755978175e-6
1245. -6.640221373543643e-6
1248. -5.078785742953051e-6
1251. -3.4928241111456043e-6
1254. -1.892550437081862e-6
1257. -2.881093537727095e-7
1260. 1.3104866775160138e-6
1263. 2.893417815707376e-6
1266. 4.451114462256813e-6
1269. 5.974311679802653e-6
1272. 7.454100347196273e-6
1275. 8.881974971829126e-6
1278. 0.000010249877221773731
1281. 0.000011550235821015747
1284. 0.000012776002764837907
1287. 0.000013920684571027471
1290. 0.000014978369767339489
1293. 0.000015943752571943934
1296. 0.000016812151157347138
1299. 0.000017579522582960048
1302. 0.00001824247351672381
1305. 0.00001879826589803518
1308. 0.00001924481973526047
1311. 0.000019580711227058746
1314. 0.00001980516676751774
1317. 0.000019918054683386557
1320. 0.000019919871657361582
1323. 0.000019811727157351436
1326. 0.000019595324473009453
1329. 0.000019272938095167005
1332. 0.00001884738993780256
1335. 0.000018322021325027236
1338. 0.000017700664216622655
1341. 0.00001698760960952871
1344. 0.000016187574402846216
1347. 0.00001530566712115199
1350. 0.000014347351602367799
1353. 0.000013318410722306108
1356. 0.000012224908199959348
1359. 0.000011073150887059707
1362. 9.869649953362935e-6
1365. 8.621082724693534e-6
1368. 7.3342533428273485e-6
1371. 6.0160562104741894e-6
1374. 4.673436895261354e-6
1377. 3.3133560627701554e-6
1380. 1.9427533257236485e-6
1383. 5.685123767053129e-7
1386. -8.025727377372384e-7
1389. -2.1638299453614286e-6
1392. -3.508739975280696e-6
1395. -4.830965692646475e-6
1398. -6.124379501197287e-6
1401. -7.383089362529143e-6
1404. -8.60146235211719e-6
1407. -9.774147083145557e-6
1410. -0.000010896093080373625
1413. -0.000011962569444331566
1416. -0.000012969180073956283
1419. -0.000013911878076783147
1422. -0.00001478697715128175
1425. -0.000015591161464889243
1428. -0.00001632149340540839
1431. -0.000016975418803613997
1434. -0.000017550771289152595
1437. -0.000018045773246625564
1440. -0.000018459036207894444
1443. -0.0000187895586317048
1446. -0.0000190367220140561
1449. -0.000019200285920500735
1452. -0.000019280380356963483
1455. -0.000019277497661067055
1458. -0.000019192482402196418
1461. -0.00001902651979375335
1464. -0.000018781123662440417
1467. -0.000018458122292032974
1470. -0.00001805964377144996
1473. -0.000017588100600917897
1476. -0.000017046172748236274
1479. -0.000016436790628616002
1482. -0.000015763117286194745
1485. -0.000015028529754446616
1488. -0.000014236600355200456
1491. -0.000013391077560217854
1494. -0.000012495866411052172
1497. -0.000011555009071214436
1500. -0.00001057266526826432
1503. -9.553092594910944e-6
1506. -8.500627129849243e-6
1509. -7.419664224203415e-6
1512. -6.314639469564628e-6
1515. -5.19001015432896e-6
1518. -4.050237063404739e-6
1521. -2.8997667253950948e-6
1524. -1.7430143209254323e-6
1527. -5.843471253072662e-7
1530. 5.719314674999024e-7
1533. 1.7215970755947262e-6
1536. 2.860518798209764e-6
1539. 3.984672938063711e-6
1542. 5.090155957051539e-6
1545. 6.1731964413500895e-6
1548. 7.230166302164059e-6
1551. 8.257591171250408e-6
1554. 9.252159913388038e-6
1557. 0.00001021073305807093
1560. 0.000011130350508062221
1563. 0.000012008238294067176
1566. 0.000012841814557695794
1569. 0.000013628694395066503
1572. 0.000014366693993217447
1575. 0.000015053833836782756
1578. 0.000015688341164850425
1581. 0.000016268651525653985
1584. 0.000016793409454181274
1587. 0.00001726146845835338
1590. 0.000017671890198489068
1593. 0.000018023942975723622
1596. 0.00001831709956018732
1599. 0.00001855103421738835
1602. 0.00001872561920246375
1605. 0.000018840920594203552
1608. 0.00001889719361960101
1611. 0.000018894877451941393
1614. 0.00001883458951378481
1617. 0.000018717119243350146
1620. 0.000018543421538442195
1623. 0.000018314609807008923
1626. 0.000018031948652292965
1629. 0.000017696846254500277
1632. 0.00001731084653304279
1635. 0.00001687562106025442
1638. 0.00001639296074372325
1641. 0.00001586476740995468
1644. 0.000015293045214954272
1647. 0.000014679892036329146
1650. 0.000014027490779040503
1653. 0.000013338100626653899
1656. 0.000012614048331011361
1659. 0.000011857719590547788
1662. 0.000011071550402911554
1665. 0.000010258018562980811
1668. 9.419635292111165e-6
1671. 8.55893699890251e-6
1674. 7.678477194679333e-6
1677. 6.780818593254412e-6
1680. 5.868525466033029e-6
1683. 4.944156153085834e-6
1686. 4.010255877225522e-6
1689. 3.0693497715325747e-6
1692. 2.123936210964457e-6
1695. 1.17648040153681e-6
1698. 2.294082816671709e-7
1701. -7.148992806795949e-7
1704. -1.6541119835608967e-6
1707. -2.5859552589964606e-6
1710. -3.508215125258462e-6
1713. -4.418742708308916e-6
1716. -5.315458458720809e-6
1719. -6.196355991612761e-6
1722. -7.0595056202389255e-6
1725. -7.903057554442498e-6
1728. -8.725244810702304e-6
1731. -9.524385727612615e-6
1734. -0.000010298886209384787
1737. -0.000011047241632696895
1740. -0.000011768038458115988
1743. -0.000012459955521183151
1746. -0.00001312176502944025
1749. -0.000013752333268839268
1752. -0.00001435062104005172
1755. -0.000014915683805666115
1758. -0.000015446671597675385
1761. -0.00001594282862900159
1764. -0.000016403492719508164
1767. -0.0000168280944403156
1770. -0.000017216156090558843
1773. -0.00001756729038947443
1776. -0.000017881199029168106
1779. -0.000018157671034346025
1782. -0.000018396580903594756
1785. -0.000018597886651855433
1788. -0.000018761627640442916
1791. -0.00001888792228807468
1794. -0.000018976965661850253
1797. -0.000019029026962010197
1800. -0.000019044446872278686
1803. -0.00001902363480970814
1806. -0.000018967066122245113
1809. -0.000018875279202298906
1812. -0.000018748872514677235
1815. -0.00001858850162906539
1818. -0.0000183948761342339
1821. -0.000018168756562093152
1824. -0.00001791095131267467
1827. -0.000017622313514683935
1830. -0.000017303737900586066
1833. -0.000016956157694986906
1836. -0.00001658054151516808
1839. -0.000016177890280269256
1842. -0.00001574923414024584
1845. -0.000015295629481374674
1848. -0.000014818155898259049
1851. -0.000014317913277165082
1854. -0.000013796018911850826
1857. -0.000013253604654340322
1860. -0.000012691814154845767
1863. -0.000012111800151400195
1866. -0.000011514721861827386
1869. -0.000010901742423544447
1872. -0.000010274026397996412
1875. -9.632737392117504e-6
1878. -8.979035740474414e-6
1881. -8.314076283386187e-6
1884. -7.639006253947764e-6
1887. -6.954963197035976e-6
1890. -6.2630730381363054e-6
1893. -5.564448230105544e-6
1896. -4.860185978732256e-6
1899. -4.1513665889338616e-6
1902. -3.4390518849671725e-6
1905. -2.724283724922636e-6
1908. -2.00808261509138e-6
1911. -1.2914464295785904e-6
1914. -5.75349211708413e-7
1917. 1.392599294524144e-7
1920. 8.514578167482638e-7
1923. 1.5603481382844066e-6
1926. 2.2650622683053224e-6
1929. 2.9647600387522195e-6
1932. 3.6586303723690294e-6
1935. 4.345891860742646e-6
1938. 5.0257932523914104e-6
1941. 5.69761386441288e-6
1944. 6.3606639570674056e-6
1947. 7.014284945836953e-6
1950. 7.657849612353757e-6
1953. 8.29076219700546e-6
1956. 8.912458512056775e-6
1959. 9.52240587127122e-6
1962. 0.000010120103029122089
1965. 0.000010705080028709464
1968. 0.000011276898077110508
1971. 0.00001183514923756604
1974. 0.000012379456122807721
1977. 0.000012909471562495993
1980. 0.000013424878260443103
1983. 0.00001392538830460377
1986. 0.000014410742688847273
1989. 0.000014880710864515789
1992. 0.000015335090123671368
1995. 0.000015773705034307936
1998. 0.000016196406838692037
2001. 0.000016603072848786194
2004. 0.000016993605722231082
2007. 0.000017367932782210686
2010. 0.000017726005386293743
2013. 0.00001806779815132756
2016. 0.00001839330818177847
2019. 0.000018702554374253983
2022. 0.0000189955766529481
2025. 0.000019272435155532977
2028. 0.00001953320948414099
2031. 0.000019777997920082625
2034. 0.000020006916624974943
2037. 0.000020220098843403585
2040. 0.00002041769414495922
2043. 0.000020599867599422874
2046. 0.000020766799017514178
2049. 0.00002091868217140943
2052. 0.000021055723968491965
2055. 0.00002117814374779899
2058. 0.00002128617250176591
2061. 0.000021380052080550608
2064. 0.00002146003450717222
2067. 0.000021526381226695374
2070. 0.000021579362372194532
2073. 0.000021619256092829744
2076. 0.000021646347850365532
2079. 0.000021660929738890246
2082. 0.00002166329982349327
2085. 0.00002165376151575183
2088. 0.00002163262293640136
2091. 0.000021600196304858053
2094. 0.000021556797325147568
2097. 0.000021502744648717852
2100. 0.00002143835929372265
2103. 0.000021363964127517848
2106. 0.000021279883314374147
2109. 0.000021186441850630662
2112. 0.000021083965059326375
2115. 0.000020972778133221095
2118. 0.000020853205695697
2121. 0.00002072557136040517
2124. 0.00002059019734031746
2127. 0.00002044740403221889
2130. 0.000020297509681333792
2133. 0.000020140830021597603
2136. 0.00001997767794064436
2139. 0.000019808363158956307
2142. 0.000019633191932097016
2145. 0.00001945246679368771
2148. 0.00001926648624897293
2151. 0.000019075544589380745
2154. 0.00001887993159922268
2157. 0.00001867993239486716
2160. 0.00001847582720526947
2163. 0.0000182678911969418
2166. 0.000018056394314873516
2169. 0.00001784160111085261
2172. 0.000017623770654181797
2175. 0.00001740315633012858
2178. 0.00001718000581323171
2181. 0.000016954560924446818
2184. 0.000016727057577583066
2187. 0.000016497725660211785
2190. 0.000016266789038163376
2193. 0.00001603446546057028
2196. 0.000015800966553951142
2199. 0.000015566497774193636
2202. 0.000015331258408814867
2205. 0.000015095441555268933
2208. 0.000014859234142075328
2211. 0.00001462281692557861
2214. 0.000014386364517161546
2217. 0.000014150045405228971
2220. 0.000013914021993299554
2223. 0.00001367845064912942
2226. 0.000013443481760792578
2229. 0.000013209259781160962
2232. 0.000012975923298575321
2235. 0.000012743605090707139
2238. 0.000012512432215614591
2241. 0.000012282526061040576
2244. 0.000012054002481763567
2247. 0.00001182697181286949
2250. 0.00001160153901362222
2253. 0.00001137780374089966
2256. 0.00001115586045832614
2259. 0.000010935798523875953
2262. 0.0000107177022995484
2265. 0.0000105016512525321
2268. 0.000010287720080471648
2271. 0.00001007597878774724
2274. 9.86649282362112e-6
2277. 9.659323180969582e-6
2280. 9.454526500014318e-6
2283. 9.252155215337718e-6
2286. 9.052257633897823e-6
2289. 8.854878078601808e-6
2292. 8.66005697380249e-6
2295. 8.467830976751207e-6
2298. 8.278233093103868e-6
2301. 8.091292795564548e-6
2304. 7.907036132645574e-6
2307. 7.72548583283334e-6
2310. 7.546661429691328e-6
2313. 7.370579368823587e-6
2316. 7.197253119315257e-6
2319. 7.0266932793388605e-6
2322. 6.858907692138226e-6
2325. 6.693901554880154e-6
2328. 6.531677516294366e-6
2331. 6.372235781661366e-6
2334. 6.215574220692666e-6
2337. 6.061688460373101e-6
2340. 5.9105719902550205e-6
2343. 5.762216260753359e-6
2346. 5.6166107751631965e-6
2349. 5.473743178666453e-6
2352. 5.333599360660033e-6
2355. 5.1961635496651785e-6
2358. 5.061418372101036e-6
2361. 4.92934495913272e-6
2364. 4.799923039675573e-6
2367. 4.673130988685045e-6
2370. 4.548945947020676e-6
2373. 4.427343872187633e-6
2376. 4.308299609389366e-6
2379. 4.1917869932960795e-6
2382. 4.077778886318609e-6
2385. 3.966247264466605e-6
2388. 3.857163286437803e-6
2391. 3.7504973503197713e-6
2394. 3.6462191643249383e-6
2397. 3.544297787803901e-6
2400. 3.4447016985709987e-6
2403. 3.3473988703311813e-6
2406. 3.2523568005214347e-6
2409. 3.1595425773794807e-6
2412. 3.0689229162159164e-6
2415. 2.980464232247291e-6
2418. 2.894132663361618e-6
2421. 2.809894121694385e-6
2424. 2.7277143477795683e-6
2427. 2.647558928528949e-6
2430. 2.5693933626066075e-6
2433. 2.493183072388378e-6
2436. 2.418893449076237e-6
2439. 2.346489907128177e-6
2442. 2.2759378834881243e-6
2445. 2.2072028956129696e-6
2448. 2.140250559444641e-6
