111.  -0.00004356389989261484
114.  -6.572604106696264e-6
117.  0.00002948784234335305
120.  0.0000596502697715747
123.  0.00008024007984114549
126.  0.000089208507747886
129.  0.00008620701847814912
132.  0.00007243531944412663
135.  0.00005031780414257758
138.  0.000023074443130441246
141.  -5.7467676082264305e-6
144.  -0.00003271566988581742
147.  -0.0000548965249570002
150.  -0.00007012329176034729
153.  -0.00007715783581438543
156.  -0.00007573036321721058
159.  -0.00006647386912428007
162.  -0.00005077350937783591
165.  -0.000030557263113632206
168.  -8.056196841976081e-6
171.  0.000014438549312788766
174.  0.000034798467232848746
177.  0.000051241747430362034
180.  0.00006246646486637763
183.  0.0000677269315148885
186.  0.00006685312506313307
189.  0.00006021808862183318
192.  0.00004866204363811813
195.  0.00003338449742347307
198.  0.00001581684011440846
201.  -2.512015227139398e-6
204.  -0.000020105407595317657
207.  -0.0000356143351902683
210.  -0.000047931020634810584
213.  -0.00005625571841073432
216.  -0.00006013446435224025
219.  -0.00005946789529677161
222.  -0.00005449338244613046
225.  -0.0000457444082443769
228.  -0.00003399229014761508
231.  -0.00002017605215624381
234.  -5.32642641117344e-6
237.  9.510278828744734e-6
240.  0.000023343302454646337
243.  0.00003529928213365895
246.  0.00004467163162601529
249.  0.000050955363450400495
252.  0.00005386644108505933
255.  0.00005334580097226349
258.  0.000049549130758064007
261.  0.0000428242578949004
264.  0.000033678580150565167
267.  0.000022739325842843793
270.  0.00001070959283378196
273.  -1.6769187929510752e-6
276.  -0.000013699763327196521
279.  -0.000024691810622242218
282.  -0.000034073562676705844
285.  -0.0000413802804624979
288.  -0.00004628098478515574
291.  -0.00004858895251240742
294.  -0.00004826378643709041
297.  -0.000045405612015430606
300.  -0.000040242289353035305
303.  -0.00003311085041822739
306.  -0.000024434525308645118
309.  -0.000014696867586603296
312.  -4.414483397889585e-6
315.  5.89017981453702e-6
318.  0.000015714650533390664
321.  0.000024599702897309892
324.  0.00003214914158409918
327.  0.00003804540652823195
330.  0.000042060555615599957
333.  0.00004406243489738087
336.  0.00004401608352086027
339.  0.00004198063539785643
342.  0.000038102162749002374
345.  0.00003260305652518247
348.  0.000025768643403657627
351.  0.000017931809454338123
354.  9.456431152863995e-6
357.  7.204025732587604e-7
360.  -7.900994086516143e-6
363.  -0.000016050692879715016
366.  -0.000023403841742540405
369.  -0.000029679710358595817
372.  -0.00003465116285989807
375.  -0.000038151449825763234
378.  -0.000040078228438030304
381.  -0.00004039481048509435
384.  -0.00003912876321751198
387.  -0.000036368085943549194
390.  -0.00003225524335128476
393.  -0.000026979426549316993
396.  -0.000020767437009031047
399.  -0.000013873618474685932
402.  -6.569269889673087e-6
405.  8.680370574815002e-7
408.  8.164839340015514e-6
411.  0.000015061502301555811
414.  0.000021320965287435114
417.  0.000026736256295589064
420.  0.000031136579390106017
423.  0.000034391841759263485
426.  0.00003641555054889205
429.  0.000037166070556684386
432.  0.000036646290956344034
435.  0.00003490180036771211
438.  0.0000320177138485615
441.  0.000028114331544157134
444.  0.000023341836469034295
447.  0.000017874258653660026
450.  0.00001190293889343245
453.  5.6297339898205666e-6
456.  -7.398067302783337e-7
459.  -7.003075437527501e-6
462.  -0.000012966649260604773
465.  -0.000018451969585549225
468.  -0.000023300310589309426
471.  -0.000027376916329739043
474.  -0.000030574232295473346
477.  -0.00003281416584584068
480.  -0.00003404937290379546
483.  -0.00003426356657926683
486.  -0.000033470902442121665
489.  -0.00003171449027975643
492.  -0.000029064135560789632
495.  -0.00002561339758932409
498.  -0.000021476097827578262
501.  -0.00001678239498281869
504.  -0.000011674563467524915
507.  -6.302609147468962e-6
510.  -8.198496612996375e-7
513.  4.621413677728696e-6
516.  9.874019296690255e-6
519.  0.00001479976146494444
522.  0.000019272809035725946
525.  0.000023182655054892656
528.  0.000026436539958938058
531.  0.00002896130971684756
534.  0.00003070468564023253
537.  0.00003163593992344653
540.  0.00003174598819396274
543.  0.00003104692288460593
546.  0.000029571025301861275
549.  0.000027369305496914853
552.  0.000024509628270854787
555.  0.000021074491196537175
558.  0.00001715852570673076
561.  0.000012865795520519191
564.  8.306967692738806e-6
567.  3.596431103172638e-6
570.  -1.150565637112749e-6
573.  -5.820688875462849e-6
576.  -0.000010305144925115444
579.  -0.000014502099543907986
582.  -0.000018318844111791624
585.  -0.00002167366939357468
588.  -0.000024497414717375217
591.  -0.000026734672208053267
594.  -0.000028344632902967673
597.  -0.00002930157058845247
600.  -0.000029594970183039522
603.  -0.000029229308225714975
606.  -0.0000282235098065927
609.  -0.000026610106177043755
612.  -0.00002443412436479329
615.  -0.000021751742430292326
618.  -0.000018628752963740344
621.  -0.000015138874456228673
624.  -0.00001136195116827249
627.  -7.382088406772165e-6
630.  -3.2857622089081367e-6
633.  8.400540005362165e-7
636.  4.90970824831876e-6
639.  8.840597370119535e-6
642.  0.000012554773255423061
645.  0.00001598039684917136
648.  0.000019053019743103184
651.  0.000021716671108031547
654.  0.00002392473919897704
657.  0.00002564063419994293
660.  0.000026838233143307885
663.  0.000027502099505662724
666.  0.000027627492090505258
669.  0.000027220159366515007
672.  0.000026295943841287863
675.  0.000024880202150433375
678.  0.000023007063704615817
681.  0.000020718549827420972
684.  0.00001806356973601277
687.  0.000015096823159319817
690.  0.000011877631048555487
693.  8.46871781835387e-6
696.  4.934971999973605e-6
699.  1.3422074767163693e-6
702.  -2.244052150760293e-6
705.  -5.759744186825647e-6
708.  -9.143373341344775e-6
711.  -0.000012337037479543095
714.  -0.000015287355632571455
717.  -0.000017946287103740332
720.  -0.000020271830589994826
723.  -0.000022228595836136775
726.  -0.00002378824298848985
729.  -0.000024929785610539416
732.  -0.000025639758908142868
735.  -0.000025912254444121753
738.  -0.000025748825847381662
741.  -0.00002515827193684821
744.  -0.00002415630534618581
747.  -0.00002276511667207392
750.  -0.00002101284490234448
765.  -8.15426200610941e-6
768.  -5.075081430496615e-6
771.  -1.9401476793228666e-6
774.  1.2008130411925456e-6
777.  4.298931165441882e-6
780.  7.306931855779361e-6
783.  0.000010179826110966988
786.  0.000012875545672193863
789.  0.000015355513852468972
792.  0.000017585146370185932
795.  0.000019534276008617867
798.  0.0000211774982202704
801.  0.000022494434860089393
804.  0.000023469915047337393
807.  0.00002409407334485825
810.  0.00002436236671449065
813.  0.000024275512626483113
816.  0.000023839353077152256
819.  0.000023064646929997553
822.  0.000021966798063252967
825.  0.000020565524697134452
828.  0.00001888447662328819
831.  0.00001695080832017602
834.  0.00001479471417170704
837.  0.00001244893483082826
840.  9.948242357074276e-6
843.  7.328912166282281e-6
846.  4.628189118346831e-6
849.  1.8837557160086736e-6
852.  -8.667901601649028e-7
855.  -3.5864417395643268e-6
858.  -6.2392671362828225e-6
861.  -8.790864613796077e-6
864.  -0.000011208785227466845
867.  -0.000013462916626187876
870.  -0.000015525824927595686
873.  -0.000017373053005626036
876.  -0.000018983369743238486
879.  -0.000020338970475927116
882.  -0.000021425629380240693
885.  -0.000022232798156344087
888.  -0.000022753657649877515
891.  -0.00002298511936665649
894.  -0.000022927778678686817
897.  -0.000022585825766796977
900.  -0.000021966909801485434
903.  -0.00002108196799515935
906.  -0.000019945015039216525
909.  -0.0000185729029144616
912.  -0.000016985050892585824
915.  -0.000015203152458409443
918.  -0.000013250862366156551
921.  -0.000011153468583960511
924.  -8.93755375357058e-6
927.  -6.630650294393951e-6
930.  -4.260893705250125e-6
933.  -1.8566782285230722e-6
936.  5.536811397982302e-7
939.  2.9422766654267125e-6
942.  5.281921690122549e-6
945.  7.546448603730486e-6
948.  9.710985474242278e-6
951.  0.000011752211903908612
954.  0.000013648589117429448
957.  0.000015380563743564852
960.  0.000016930744794914045
963.  0.000018284049450845176
966.  0.000019427821338745407
969.  0.000020351917352861234
972.  0.000021048763897754747
975.  0.000021513385386217465
978.  0.00002174340116109547
981.  0.00002173899495646565
984.  0.000021502858844754712
987.  0.000021040109288222598
990.  0.00002035818049057736
993.  0.00001946669655058563
996.  0.00001837732243782828
999.  0.00001710359780336851
1002. 0.000015660755733002944
1005. 0.000014065528609113474
1008. 0.00001233594277411326
1011. 0.000010491105822517363
1014. 8.550988296719337e-6
1017. 6.536202091350841e-6
1020. 4.467778057559874e-6
1023. 2.366945406662036e-6
1026. 2.5491477675738543e-7
1029. -1.8473329166173674e-6
1032. -3.919249733557099e-6
1035. -5.940914381111947e-6
1038. -7.893214607885962e-6
1041. -9.75801683687332e-6
1044. -0.000011518322176282398
1047. -0.000013158406775509028
1050. -0.000014663946466528533
1053. -0.000016022124624129416
1056. -0.000017221722759533138
1059. -0.000018253193425638295
1062. -0.00001910871553644186
1065. -0.00001978223184269881
1068. -0.00002026946864092075
1071. -0.000020567938508813973
1074. -0.000020676926193312027
1077. -0.000020597458486791924
1080. -0.000020332258785765052
1083. -0.000019885687216019225
1086. -0.000019263667343071884
1089. -0.000018473600539445962
1092. -0.00001752426914993604
1095. -0.000016425729731737296
1098. -0.000015189197615962536
1101. -0.000013826923993460498
1104. -0.000012352067022534501
1107. -0.000010778558192061408
1110. -9.120965253992845e-6
1113. -7.394353140296047e-6
1116. -5.614144034892811e-6
1119. -3.795977889938138e-6
1122. -1.955574639995136e-6
1125. -1.0859918580338228e-7
1128. 1.7294697076845149e-6
1131. 3.543465648496458e-6
1134. 5.31865502083003e-6
1137. 7.040850738714259e-6
1140. 8.696518510595568e-6
1143. 0.000010272875095666374
1146. 0.000011757977761526176
1149. 0.000013140804618681834
1152. 0.000014411325400569682
1155. 0.00001556056236259623
1158. 0.000016580641092322746
1161. 0.000017464831187643552
1164. 0.000018207576674988395
1167. 0.00001880451626852309
1170. 0.000019252493665854795
1173. 0.000019549557959965406
1176. 0.00001969495464177163
1179. 0.000019689107501778937
1182. 0.00001953359150619549
1185. 0.000019231097653644935
1188. 0.000018785390016647823
1191. 0.00001820125562214409
1194. 0.00001748444769229382
1197. 0.000016641623043308462
1200. 0.000015680274206758993
1203. 0.000014608656713103707
1206. 0.000013435712657867641
1209. 0.000012170991024351345
1212. 0.000010824565383993
1215. 9.40695000806043e-6
1218. 7.929014452850419e-6
1221. 6.401897876980962e-6
1224. 4.836923499814977e-6
1227. 3.2455138511086693e-6
1230. 1.639107362125591e-6
1233. 2.9076919982184823e-8
1236. -1.5733490938624398e-6
1239. -3.157162654558396e-6
1242. -4.711648860928395e-6
1245. -6.226454432897427e-6
1248. -7.691652161268387e-6
1251. -9.09780071144343e-6
1254. -0.00001043600000144764
1257. -0.000011697940756702326
1260. -0.000012875949149049612
1263. -0.00001396302627166877
1266. -0.00001495288166800048
1269. -0.000015839961085141513
1272. -0.000016619468941156947
1275. -0.00001728738537694366
1278. -0.00001784047688003225
1281. -0.00001827630194556348
1284. -0.0000185932119024884
1287. -0.0000187903452223992
1290. -0.000018867617688189467
1293. -0.000018825708091212496
1296. -0.000018666038071081614
1299. -0.000018390748759610163
1302. -0.000018002673295890312
1305. -0.00001750530469622913
1308. -0.000016902761508099114
1311. -0.000016199749630552255
1314. -0.000015401521189222677
1317. -0.000014513832076040319
1320. -0.000013542895957941924
1323. -0.000012495337664348877
1326. -0.000011378144829762104
1329. -0.000010198618183406476
1332. -8.964321862043232e-6
1335. -7.683032507566088e-6
1338. -6.362689056931864e-6
1341. -5.011342315972561e-6
1344. -3.6371053021589943e-6
1347. -2.248104399340084e-6
1350. -8.524316971635581e-7
1353. 5.419014811617795e-7
1356. 1.9270091119361773e-6
1359. 3.2951735852580677e-6
1362. 4.6388863192603176e-6
1365. 5.950886722665936e-6
1368. 7.22419774344166e-6
1371. 8.452160801581931e-6
1374. 9.62846568133938e-6
1377. 0.000010747179487994563
1380. 0.000011802772008053759
1383. 0.000012790138342194177
1386. 0.000013704618518097308
1389. 0.000014542014288397746
1392. 0.00001529860271290331
1395. 0.000015971147159896817
1398. 0.00001655690479782345
1401. 0.000017053632003174276
1404. 0.000017459585824460577
1407. 0.00001777352415618513
1410. 0.00001799470139904952
1413. 0.00001812286364911496
1416. 0.000018158239234956445
1419. 0.000018101528817812214
1422. 0.000017953891888528122
1425. 0.00001771693188720069
1428. 0.00001739267933499705
1431. 0.000016983572577545554
1434. 0.0000164924380218307
1437. 0.00001592246741488963
1440. 0.0000152771951512601
1443. 0.000014560473569435416
1446. 0.000013776447399456727
1449. 0.000012929527812086778
1452. 0.000012024365011736562
1455. 0.000011065821023439047
1458. 0.000010058941707461879
1461. 9.008928579529078e-6
1464. 7.921110855677656e-6
1467. 6.800917125946332e-6
1470. 5.653847612266923e-6
1473. 4.485446651804037e-6
1476. 3.3012755611461088e-6
1479. 2.1068862240475098e-6
1482. 9.077953268048711e-7
1485. -2.9054056323303516e-7
1488. -1.4827490150242457e-6
1491. -2.6635648673812524e-6
1494. -3.827852030806347e-6
1497. -4.97062436097896e-6
1500. -6.087065325557526e-6
1503. -7.1725461467731935e-6
1506. -8.222642790805241e-6
1509. -9.233151819116321e-6
1512. -0.000010200104354382802
1515. -0.000011119778855667824
1518. -0.0000119887127365166
1521. -0.000012803712073342859
1524. -0.000013561860028516166
1527. -0.00001426052391864241
1530. -0.000014897360960308847
1533. -0.00001547032221360241
1536. -0.00001597765532838938
1539. -0.000016417906106646843
1542. -0.000016789918586749266
1545. -0.000017092833710526453
1548. -0.000017326086856792547
1551. -0.000017489404313448987
1554. -0.000017582798479064998
1557. -0.000017606561876137225
1560. -0.000017561260279090673
1563. -0.000017447724810370652
1566. -0.000017267043331138285
1569. -0.000017020550616084607
1572. -0.00001670981802949382
1575. -0.000016336642395858683
1578. -0.00001590303432756732
1581. -0.000015411205930888206
1584. -0.000014863557927237837
1587. -0.000014262666457366892
1590. -0.0000136112694754301
1593. -0.00001291225289399067
1596. -0.00001216863649269589
1599. -0.000011383559590701025
1602. -0.000010560266669419364
1605. -9.702092979830828e-6
1608. -8.812450143282749e-6
1611. -7.894811853129637e-6
1614. -6.952699670632333e-6
1617. -5.98966902484361e-6
1620. -5.009295475710205e-6
1623. -4.01516122175085e-6
1626. -3.0108419672265287e-6
1629. -1.9998941199382542e-6
1632. -9.858424388692493e-7
1635. 2.783191335258769e-8
1638. 1.0377028251179409e-6
1641. 2.040410182410054e-6
1644. 3.03267029448258e-6
1647. 4.011285749685872e-6
1650. 4.973154754927465e-6
1653. 5.915279803531432e-6
1656. 6.834775768837362e-6
1659. 7.72887744065971e-6
1662. 8.594946348325275e-6
1665. 9.430476987962728e-6
1668. 0.000010233102431077888
1671. 0.000011000599296758886
1674. 0.000011730892077419035
1677. 0.00001242205682868715
1680. 0.000013072324267599572
1683. 0.000013680082218127847
1686. 0.000014243877500133626
1689. 0.00001476241721519706
1692. 0.000015234569420325052
1695. 0.000015659363280958996
1698. 0.000016035988661066702
1701. 0.00001636379521536295
1704. 0.00001664229095673343
1707. 0.00001687114031837737
1710. 0.00001705016181828645
1713. 0.000017179325214790437
1716. 0.000017258748294139268
1719. 0.000017288693254003778
1722. 0.000017269562730029295
1725. 0.00001720189547186854
1728. 0.000017086361709132273
1731. 0.000016923758239462876
1734. 0.000016715003213567624
1737. 0.00001646113071861858
1740. 0.00001616328516501275
1743. 0.000015822715451374582
1746. 0.000015440768983789627
1749. 0.000015018885568801569
1752. 0.000014558591156961936
1755. 0.000014061491560518826
1758. 0.000013529266022870343
1761. 0.000012963660827714753
1764. 0.00001236648283600361
1767. 0.000011739593045258035
1770. 0.000011084900161581272
1773. 0.000010404354223499156
1776. 9.69994026731584e-6
1779. 8.973672072442127e-6
1782. 8.227586026618257e-6
1785. 7.463735047073646e-6
1788. 6.68418268018169e-6
1791. 5.890997312309234e-6
1794. 5.086246541789259e-6
1797. 4.271991696332925e-6
1800. 3.450282571754256e-6
1803. 2.6231522961796094e-6
1806. 1.792612405678337e-6
1809. 9.606481441182129e-7
1812. 1.292139679977751e-7
1815. -6.997707455963494e-7
1818. -1.5244257863573152e-6
1821. -2.3429139408634986e-6
1824. -3.153444613855002e-6
1827. -3.954277201161636e-6
1830. -4.743724233736145e-6
1833. -5.520154304190703e-6
1836. -6.281994767135172e-6
1839. -7.027734123838027e-6
1842. -7.75592428951951e-6
1845. -8.465182562467357e-6
1848. -9.154193357941167e-6
1851. -9.821709724920838e-6
1854. -0.000010466554673439082
1857. -0.000011087622239787059
1860. -0.000011683878352210628
1863. -0.000012254361486933945
1866. -0.00001279818316629559
1869. -0.000013314528141915948
1872. -0.000013802654500846972
1875. -0.000014261893526053013
1878. -0.000014691649416836356
1881. -0.000015091398758857919
1884. -0.00001546069000892358
1887. -0.00001579914257027143
1890. -0.000016106445897793896
1893. -0.000016382358435221286
1896. -0.000016626706345264034
1899. -0.000016839382222499066
1902. -0.000017020343618626096
1905. -0.000017169611416269066
1908. -0.000017287268201925213
1911. -0.00001737345647124559
1914. -0.000017428376785911607
1917. -0.000017452285866633606
1920. -0.000017445494551076672
1923. -0.000017408365718777233
1926. -0.000017341312165017724
1929. -0.00001724479447293031
1932. -0.000017119318777239604
1935. -0.00001696543447904705
1938. -0.00001678373200566754
1941. -0.000016574840490101864
1944. -0.000016339425514160288
1947. -0.00001607818674603297
1950. -0.000015791855592263283
1953. -0.00001548119291684531
1956. -0.000015146986759412889
1959. -0.000014790049994690168
1962. -0.00001441121803784821
1965. -0.000014011346629693448
1968. -0.00001359130962587266
1971. -0.000013151996773861802
1974. -0.000012694311561267458
1977. -0.000012219169120604061
1980. -0.000011727494155535872
1983. -0.000011220218893623977
1986. -0.000010698281134165017
1989. -0.000010162622312143395
1992. -9.614185660056529e-6
1995. -9.05391436296588e-6
1998. -8.482749856268664e-6
2001. -7.901630087460315e-6
2004. -7.311487921068956e-6
2007. -6.713249588698222e-6
2010. -6.107833158218547e-6
2013. -5.496147127503698e-6
2016. -4.8790890809228625e-6
2019. -4.25754436152148e-6
2022. -3.6323848473081518e-6
2025. -3.0044678180009433e-6
2028. -2.374634854126515e-6
2031. -1.7437107987775643e-6
2034. -1.1125028210449524e-6
2037. -4.817995198205119e-7
2040. 1.47629913066561e-7
2043. 7.750364104533027e-7
2046. 1.3996917654883126e-6
2049. 2.020889254936494e-6
2052. 2.6379441465365564e-6
2055. 3.250194269266034e-6
2058. 3.8570004483259065e-6
2061. 4.4577468312862716e-6
2064. 5.051841310640954e-6
2067. 5.638715736624912e-6
2070. 6.217826086333075e-6
2073. 6.788652742811199e-6
2076. 7.350700519387481e-6
2079. 7.903498739410384e-6
2082. 8.44660132072569e-6
2085. 8.979586636294314e-6
2088. 9.502057523642945e-6
2091. 0.000010013641154583671
2094. 0.000010513988828469743
2097. 0.000011002775884911562
2100. 0.00001147970136542093
2103. 0.00001194448779799714
2106. 0.00001239688092618856
2109. 0.000012836649297186227
2112. 0.00001326358404148915
2115. 0.00001367749834780712
2118. 0.000014078227142757255
2121. 0.000014465626648209158
2124. 0.000014839573871580757
2127. 0.000015199966232066967
2130. 0.00001554672095213006
2133. 0.00001587977465705585
2136. 0.000016199082793623965
2139. 0.00001650461908661101
2142. 0.00001679637504605169
2145. 0.0000170743593277509
2148. 0.000017338597280502535
2151. 0.000017589130236685826
2154. 0.000017826015033796065
2157. 0.000018049323381193307
2160. 0.000018259141297036804
2163. 0.000018455568512900736
2166. 0.00001863871786792635
2169. 0.000018808714747125306
2172. 0.000018965696437840827
2175. 0.00001910981162206667
2178. 0.000019241219699084145
2181. 0.000019360090308413363
2184. 0.00001946660266159499
2187. 0.000019560945039104066
2190. 0.000019643314186454338
2193. 0.00001971391479206323
2196. 0.000019772958908309916
2199. 0.00001982066544409979
2202. 0.00001985725962278761
2205. 0.000019882972466195624
2208. 0.000019898040283139927
2211. 0.000019902704184546445
2214. 0.000019897209594837064
2217. 0.000019881805759809066
2220. 0.00001985674530764467
2223. 0.00001982228378618326
2226. 0.000019778679233771475
2229. 0.000019726191762998757
2232. 0.000019665083133671976
2235. 0.00001959561635795654
2238. 0.000019518055345732607
2241. 0.00001943266448420045
2244. 0.000019339708325263128
2247. 0.000019239451207388187
2250. 0.000019132156944342517
2253. 0.000019018088525576585
2256. 0.000018897507770630046
2259. 0.00001877067508017948
2262. 0.00001863784913915028
2265. 0.000018499286657172622
2268. 0.000018355242134302005
2271. 0.000018205967596881642
2274. 0.000018051712408094814
2277. 0.000017892723024699554
2280. 0.00001772924279789766
2283. 0.000017561511816632485
2286. 0.000017389766715960878
2289. 0.00001721424052230636
2292. 0.000017035162484199905
2295. 0.00001685275795363236
2298. 0.000016667248257342003
2301. 0.000016478850558953554
2304. 0.000016287777770932543
2307. 0.000016094238428841624
2310. 0.000015898436656533837
2313. 0.000015700572042595705
2316. 0.000015500839602142697
2319. 0.000015299429678889386
2322. 0.000015096527931299985
2325. 0.000014892315290961046
2328. 0.000014686967890300213
2331. 0.000014480657080528719
2334. 0.000014273549401456377
2337. 0.000014065806558714867
2340. 0.000013857585425996537
2343. 0.00001364903804604235
2346. 0.000013440311647432802
2349. 0.000013231548659455219
2352. 0.000013022886706104307
2355. 0.000012814458679990932
2358. 0.000012606392731303611
2361. 0.000012398812307337697
2364. 0.000012191836241647887
2367. 0.000011985578729006681
2370. 0.000011780149425645223
2373. 0.000011575653497261572
2376. 0.00001137219164437602
2379. 0.00001116986020413114
2382. 0.00001096875118370867
2385. 0.000010768952326647208
2388. 0.000010570547211588466
2391. 0.000010373615306974872
2394. 0.000010178232025898093
2397. 9.984468829450036e-6
2400. 9.792393272573262e-6
2403. 9.602069115944617e-6
2406. 9.413556406359173e-6
2409. 9.226911528638371e-6
2412. 9.042187309965275e-6
2415. 8.859433125115076e-6
2418. 8.67869493704428e-6
2421. 8.500015387737373e-6
2424. 8.323433929631322e-6
2427. 8.148986864682694e-6
2430. 7.976707443051412e-6
2433. 7.806625957941089e-6
2436. 7.638769829710938e-6
2439. 7.473163688551199e-6
2442. 7.309829454748245e-6
2445. 7.148786435830284e-6
2448. 6.9900514016306884e-6
