111.  0.0000751507374468408
114.  0.00008818975429023865
117.  0.00008775998295563182
120.  0.00007493491368072866
123.  0.000052393831829755086
126.  0.000023866463375395314
129.  -6.481947981867907e-6
132.  -0.00003463611967412465
135.  -0.00005721768570045244
138.  -0.00007182899152836782
141.  -0.00007723419732664881
144.  -0.00007338064295935621
147.  -0.00006128148537467293
150.  -0.00004279277453819358
153.  -0.000020324525307668645
156.  3.4737816788173617e-6
159.  0.00002601641325406208
162.  0.00004504327323466776
165.  0.00005881916432255267
168.  0.00006625858953880279
171.  0.00006697326958374678
174.  0.00006124748445488165
177.  0.000049952443415964305
180.  0.00003441504888794074
183.  0.000016258481506644302
186.  -2.7677433236566135e-6
189.  -0.00002095203610424735
192.  -0.00003676567756327624
195.  -0.000048978250580439297
198.  -0.0000567371204795978
201.  -0.00005960833451233713
204.  -0.00005757975330525021
207.  -0.00005103019840597162
210.  -0.00004067060490992164
213.  -0.000027464648125040694
216.  -0.00001253702036600588
219.  2.9224865937571284e-6
222.  0.000017751550503478127
225.  0.000030898096772013954
228.  0.00004148826217649513
231.  0.000048876133961767193
234.  0.00005267351308738103
237.  0.000052759506525214026
240.  0.00004927117657883818
243.  0.000042577603189979575
246.  0.0000332405947359524
249.  0.0000219658089964604
252.  9.548304252548254e-6
255.  -3.1835241863449016e-6
258.  -0.00001542194137697376
261.  -0.000026428632954513348
264.  -0.000035575666198358093
267.  -0.00004237683611338611
270.  -0.0000465083066785238
273.  -0.00004781822242729299
276.  -0.00004632561263874891
279.  -0.00004220953021676827
282.  -0.000035789821074307644
285.  -0.000027501274450617644
288.  -0.000017863110667423703
291.  -7.445860122352723e-6
294.  3.162371096810218e-6
297.  0.000013388378372037913
300.  0.00002270344359071361
303.  0.00003064869355311911
306.  0.00003685521548823609
309.  0.00004105828694192102
312.  0.000043105424950336585
315.  0.00004295829185629061
318.  0.00004068880753295661
321.  0.000036470073029942616
324.  0.000030562914249388024
327.  0.00002329900319369062
330.  0.000015061601866515822
333.  6.265004145171872e-6
336.  -2.6662722486525274e-6
339.  -0.00001131756174262859
342.  -0.000019302522328221293
345.  -0.000026279270912340718
348.  -0.0000319636113197889
351.  -0.000036138955256777866
354.  -0.00003866271540317655
357.  -0.00003946912577895486
360.  -0.000038568584558254945
363.  -0.00003604378199964097
366.  -0.00003204297816196953
369.  -0.000026770887063866917
372.  -0.000020477708812521424
375.  -0.000013446863019634619
378.  -5.982017499054517e-6
381.  1.6060253053356056e-6
384.  9.012046446866262e-6
387.  0.00001594825513301992
390.  0.00002215483764047759
393.  0.000027408882119063696
396.  0.00003153142956326682
399.  0.000034392485481965974
402.  0.000035913926363058975
405.  0.00003607031026717112
408.  0.00003488768375219291
411.  0.000032440545277567864
414.  0.00002884717795543109
417.  0.000024263620649556432
420.  0.00001887656382356547
423.  0.000012895494086084388
426.  6.544398867854362e-6
429.  5.33570833423839e-8
432.  -6.349692404774829e-6
435.  -0.00001244672219828891
438.  -0.000018036690035369635
441.  -0.00002294170965150392
444.  -0.000027012156594338647
447.  -0.000030130601812969008
450.  -0.00003221449313100309
453.  -0.00003321757197722413
456.  -0.000033130042439175244
459.  -0.000031977550850110706
462.  -0.000029819070321968338
465.  -0.000026743819122869276
468.  -0.000022867354910017983
471.  -0.00001832701118708649
474.  -0.000013276857766557191
477.  -7.882355136226633e-6
480.  -2.314892384304103e-6
483.  3.2536237388118133e-6
486.  8.655966089527629e-6
489.  0.000013734423851170923
492.  0.000018345156097483038
495.  0.00002236194915779655
498.  0.000025679305429665865
501.  0.000028214799548552753
504.  0.000029910670119706263
507.  0.00003073464307380148
510.  0.000030679991492247566
513.  0.000029764872735861442
516.  0.00002803099486901029
519.  0.00002554168051457991
522.  0.000022379408895413145
525.  0.000018642931045179862
528.  0.000014444055190719864
531.  9.904205614896413e-6
534.  5.150857681233225e-6
537.  3.1395058566268806e-7
540.  -4.477625455873684e-6
543.  -9.099378555470378e-6
546.  -0.000013434320462896332
549.  -0.000017375757945808905
552.  -0.000020829712129742606
555.  -0.000023716920264422644
558.  -0.000025974387448765554
561.  -0.00002755646895116329
564.  -0.000028435476613652877
567.  -0.000028601815134828176
570.  -0.00002806366544878522
573.  -0.000026846242788163987
576.  -0.00002499066612809264
579.  -0.000022552483302300273
582.  -0.000019599902514226408
585.  -0.00001621178542443826
588.  -0.000012475459059420868
591.  -8.484407461890997e-6
594.  -4.3359018210295445e-6
597.  -1.2862745297551932e-7
600.  4.039637339359404e-6
603.  8.074238887209643e-6
606.  0.000011885715211719764
609.  0.000015391672391574028
612.  0.000018518435912235058
615.  0.000021202446624741993
618.  0.00002339138354668816
621.  0.000025044999749590533
624.  0.000026135660121441528
627.  0.000026648588066373876
630.  0.000026581822832688682
633.  0.000025945899193029965
636.  0.000024763274829853238
639.  0.000023067516387699895
642.  0.00002090228380258997
645.  0.000018320131332720856
648.  0.000015381165594725324
651.  0.000012151589656953713
654.  8.702171372741384e-6
657.  5.106667517459203e-6
660.  1.4402395680362333e-6
663.  -2.2221063603267663e-6
666.  -5.807024924960273e-6
669.  -9.244253954727622e-6
672.  -0.000012467930005786872
675.  -0.000015417771655363232
678.  -0.000018040114457859315
681.  -0.00002028878568854015
684.  -0.0000221257999462548
687.  -0.000023521876338316106
690.  -0.00002445677328431466
693.  -0.000024919435207274163
696.  -0.000024907961793990002
699.  -0.00002442940772789111
702.  -0.000023499415097456153
705.  -0.00002214170022596288
708.  -0.000020387406326316713
711.  -0.000018274338282673905
714.  -0.000015846099627731307
717.  -0.0000131511501005787
720.  -0.000010241804288007828
723.  -7.173193148480772e-6
726.  -4.002204586894964e-6
729.  -7.864280512570192e-7
732.  2.416882889999107e-6
735.  5.551808996169699e-6
738.  8.564709796326722e-6
741.  0.00001140510056410302
744.  0.000014026445548430189
747.  0.000016386862042746673
750.  0.000018449719733606958
765.  0.0000234389500706412
768.  0.00002328926381989932
771.  0.000022759828457711965
774.  0.000021864292916321206
777.  0.00002062198963422759
780.  0.000019057483833713285
783.  0.00001720005388686761
786.  0.000015083108474070868
789.  0.000012743557795589343
792.  0.00001022114433117143
795.  7.557751352970156e-6
798.  4.7966949490978115e-6
801.  1.982016633185589e-6
804.  -8.422166314118965e-7
807.  -3.6325918897551374e-6
810.  -6.346999698798889e-6
813.  -8.94524638908971e-6
816.  -0.000011389617752268729
819.  -0.000013645391246094
822.  -0.000015681286473676793
825.  -0.000017469852490181618
828.  -0.000018987787034570263
831.  -0.000020216184493531652
834.  -0.000021140713339106057
837.  -0.000021751719720304908
840.  -0.00002204426055105027
843.  -0.00002201806878579545
846.  -0.000021677449658472745
849.  -0.00002103111546588456
852.  -0.000020091961747560227
855.  -0.00001887679048426779
858.  -0.00001740598506533735
861.  -0.00001570314404983343
864.  -0.00001379468023142822
867.  -0.00001170939158494083
870.  -9.478010426061938e-6
873.  -7.132738586771092e-6
876.  -4.706775300254893e-6
879.  -2.2338442994432112e-6
882.  2.522740715893708e-7
885.  2.7181976538457047e-6
888.  5.1313800113497875e-6
891.  7.460525749237505e-6
894.  9.675976615092827e-6
897.  0.000011750066849821217
900.  0.000013657441091759765
903.  0.000015375336134391227
906.  0.00001688381812743011
909.  0.000018165979160883176
912.  0.000019208088489963475
915.  0.00001999969943356149
918.  0.000020533710903212265
921.  0.000020806384974104716
924.  0.00002081732195334187
927.  0.00002056939358281262
930.  0.000020068636835078827
933.  0.00001932411171308299
936.  0.00001834772442061766
939.  0.00001715402171178249
942.  0.00001575995552244054
945.  0.00001418462740922774
948.  0.000012449010693319142
951.  0.000010575659673493471
954.  8.588405663448149e-6
957.  6.512046173656595e-6
960.  4.372030781884763e-6
963.  2.194147106895432e-6
966.  4.211249999253252e-9
969.  -2.1722344921849474e-6
972.  -4.31021254347555e-6
975.  -6.385587679983112e-6
978.  -8.375326896226002e-6
981.  -0.000010257740076216127
984.  -0.0000120126999923928
987.  -0.00001362183774059716
990.  -0.000015068713507903155
993.  -0.000016338962220665452
996.  -0.00001742041086196677
999.  -0.000018303168615558037
1002. -0.00001897968965456143
1005. -0.000019444808638564196
1008. -0.00001969574802164366
1011. -0.000019732099638067535
1014. -0.00001955578113976573
1017. -0.000019170968002297593
1020. -0.000018584002296159475
1023. -0.000017803281019017053
1026. -0.00001683912497368838
1029. -0.000015703630865628107
1032. -0.000014410507366528511
1035. -0.000012974898875117346
1038. -0.000011413198402480816
1041. -9.742851961910651e-6
1044. -7.982157211417538e-6
1047. -6.1500576249285194e-6
1050. -4.265935543852615e-6
1053. -2.349405714746479e-6
1056. -4.2011155164836956e-7
1059. 1.502473865331817e-6
1062. 3.3992402214847698e-6
1065. 5.251624046854389e-6
1068. 7.041782662910847e-6
1071. 8.752756791802467e-6
1074. 0.000010368620373821033
1077. 0.000011874616522633901
1080. 0.000013257278654409638
1083. 0.000014504536036277301
1086. 0.000015605803152721227
1089. 0.000016552052495610184
1092. 0.00001733587052466583
1095. 0.0000179514967895005
1098. 0.000018394846323202604
1101. 0.00001866351540880688
1104. 0.000018756771389338373
1107. 0.00001867552692465149
1110. 0.000018422299417624708
1113. 0.000018001156420095703
1116. 0.000017417647933326353
1119. 0.000016678726608072367
1122. 0.00001579265692520967
1125. 0.00001476891451989139
1128. 0.00001361807685805137
1131. 0.000012351706514925207
1134. 0.000010982228322844719
1137. 9.522801690767644e-6
1140. 7.987189377257123e-6
1143. 6.389624027852901e-6
1146. 4.744673673657592e-6
1149. 3.0671074832482594e-6
1152. 1.3717629380055237e-6
1155. -3.2658444880534007e-7
1158. -2.0133477779394953e-6
1161. -3.674250781017778e-6
1164. -5.295444269081504e-6
1167. -6.863616150041603e-6
1170. -8.366094247713127e-6
1173. -9.790941228633656e-6
1176. -0.000011127041089760792
1179. -0.000012364176743376776
1182. -0.000013493098036274067
1185. -0.000014505580211755815
1188. -0.000015394472429706377
1191. -0.000016153736235823696
1194. -0.000016778473889585577
1197. -0.000017264946836680504
1200. -0.000017610584254310214
1203. -0.000017813981551651587
1206. -0.00001787488977654104
1209. -0.000017794195872112657
1212. -0.000017573894121052045
1215. -0.00001721704994727357
1218. -0.000016727755256233277
1221. -0.000016111077139083077
1224. -0.000015372999982501926
1227. -0.000014520361721441062
1230. -0.000013560785240448721
1233. -0.00001250260451537897
1236. -0.000011354787529796016
1239. -0.000010126855899764726
1242. -8.82880234614189e-6
1245. -7.4710060497838785e-6
1248. -6.064147332747525e-6
1251. -4.619121974634383e-6
1254. -3.146955973291302e-6
1257. -1.6587210141547121e-6
1260. -1.6545184751601815e-7
1263. 1.321934377190617e-6
1266. 2.7927159676954928e-6
1269. 4.236441182278935e-6
1272. 5.642999144103252e-6
1275. 7.002686801438046e-6
1278. 8.306271018334197e-6
1281. 9.545045970655008e-6
1284. 0.000010710886046574804
1287. 0.0000117962922065472
1290. 0.000012794433504819906
1293. 0.000013699183270826672
1296. 0.000014505148436424679
1299. 0.0000152076938922639
1302. 0.000015802961121281614
1305. 0.000016287879752076555
1308. 0.00001666017480692559
1311. 0.000016918367505653594
1314. 0.00001706177019472265
1317. 0.000017090477718532434
1320. 0.00001700535123385119
1323. 0.000016807998881944085
1326. 0.000016500751461578376
1329. 0.000016086633004199216
1332. 0.000015569329267216716
1335. 0.000014953150110738071
1338. 0.000014242990415909537
1341. 0.000013444287135749595
1344. 0.000012562973988622374
1347. 0.000011605434387262813
1350. 0.000010578451395582297
1353. 9.489157414531483e-6
1356. 8.344981720585177e-6
1359. 7.153598427549244e-6
1362. 5.922872975766291e-6
1365. 4.660809232636695e-6
1368. 3.375496268365674e-6
1371. 2.0750572943632773e-6
1374. 7.67597688279864e-7
1377. -5.38844620169744e-7
1380. -1.8363475211324054e-6
1383. -3.1171510279708724e-6
1386. -4.373701677767413e-6
1389. -5.59869495169527e-6
1392. -6.785114835387768e-6
1395. -7.926270757841777e-6
1398. -9.015831572022695e-6
1401. -0.000010047857439503382
1404. -0.000011016827386526479
1407. -0.00001191766481143838
1410. -0.000012745758531655304
1413. -0.000013496982687399826
1416. -0.000014167710670588294
1419. -0.000014754827848410941
1422. -0.000015255740009487379
1425. -0.000015668379116090876
1428. -0.000015991205454472716
1431. -0.00001622320632410486
1434. -0.000016363893508212608
1437. -0.00001641329523172856
1440. -0.00001637194722989851
1443. -0.00001624088060162328
1446. -0.000016021606890084717
1449. -0.000015716101214024717
1452. -0.000015326782513476063
1455. -0.00001485649297459063
1458. -0.000014308474222128393
1461. -0.000013686342231916973
1464. -0.000012994061976083963
1467. -0.000012235918718565285
1470. -0.000011416489311414124
1473. -0.00001054061318087984
1476. -9.613361091439124e-6
1479. -8.640004135886312e-6
1482. -7.625982878675798e-6
1485. -6.5768752629649e-6
1488. -5.498364878555558e-6
1491. -4.39621003451045e-6
1494. -3.276212236021503e-6
1497. -2.1441853260065197e-6
1500. -1.0059260066348636e-6
1503. 1.3281581759633593e-7
1506. 1.2663655315257689e-6
1509. 2.3891506475696e-6
1512. 3.4957274305224406e-6
1515. 4.580805787691739e-6
1518. 5.639272503783869e-6
1521. 6.666213958607593e-6
1524. 7.656936463799736e-6
1527. 8.606985048701856e-6
1530. 9.512161823607577e-6
1533. 0.000010368540940981075
1536. 0.00001117248277921027
1539. 0.00001192064694083665
1542. 0.000012610002128723316
1545. 0.000013237835418779846
1548. 0.000013801759391741027
1551. 0.0000142997171026809
1554. 0.000014729986572025926
1557. 0.000015091182034081581
1560. 0.00001538225440846499
1563. 0.000015602490513784613
1566. 0.000015751509657266303
1569. 0.00001582925981125607
1572. 0.00001583601160495996
1575. 0.000015772350940995804
1578. 0.000015639171382665875
1581. 0.000015437663606967017
1584. 0.000015169305235587741
1587. 0.000014835848736408185
1590. 0.000014439308324543785
1593. 0.000013981946964314396
1596. 0.000013466260969721838
1599. 0.000012894965469234552
1602. 0.000012270978083109392
1605. 0.00001159740252522674
1608. 0.000010877512179819143
1611. 0.000010114732091268651
1614. 9.312622442943852e-6
1617. 8.474859962834937e-6
1620. 7.60522071109591e-6
1623. 6.707562140694862e-6
1626. 5.785805067713639e-6
1629. 4.843916721934658e-6
1632. 3.885892418330353e-6
1635. 2.915739470073957e-6
1638. 1.937459472514594e-6
1641. 9.550326247809355e-7
1644. -2.75985168381337e-8
1647. -1.0065443984439936e-6
1650. -1.977982937592094e-6
1653. -2.9381743298234503e-6
1656. -3.88347363561479e-6
1659. -4.810344705521329e-6
1662. -5.715371090908668e-6
1665. -6.595268354915105e-6
1668. -7.446893749899423e-6
1671. -8.267256501102258e-6
1674. -9.053526290360469e-6
1677. -9.80304139344796e-6
1680. -0.00001051331591590139
1683. -0.000011182045780834972
1686. -0.000011807114649486291
1689. -0.000012386597800280255
1692. -0.000012918766677004093
1695. -0.00001340209078377593
1698. -0.000013835240782150207
1701. -0.00001421708854089585
1704. -0.000014546708776666889
1707. -0.000014823377444613017
1710. -0.00001504657177313588
1713. -0.000015215967329832549
1716. -0.000015331436468921026
1719. -0.000015393044141523004
1722. -0.000015401044925815815
1725. -0.00001535587767621154
1728. -0.000015258161287804935
1731. -0.00001510868829828506
1734. -0.000014908419560007071
1737. -0.000014658476906347098
1740. -0.000014360136916088149
1743. -0.000014014822755418963
1746. -0.000013624097231061119
1749. -0.000013189653912266387
1752. -0.000012713309672139186
1755. -0.000012196995217202453
1758. -0.000011642747286806826
1761. -0.000011052698723449402
1764. -0.00001042907049810845
1767. -9.7741614475754e-6
1770. -9.090340283834213e-6
1773. -8.380035199258777e-6
1776. -7.645725824864237e-6
1779. -6.88993304655211e-6
1782. -6.115210880772054e-6
1785. -5.324136728676133e-6
1788. -4.519303221418032e-6
1791. -3.7033090745332685e-6
1794. -2.878750948637351e-6
1797. -2.048215078633682e-6
1800. -1.2142691791007085e-6
1803. -3.7945499070412094e-7
1806. 4.5371972141585083e-7
1809. 1.2827876216580986e-6
1812. 2.1053296060313864e-6
1815. 2.9189803182929344e-6
1818. 3.721435440234662e-6
1821. 4.510456611823302e-6
1824. 5.283877693574998e-6
1827. 6.039609450463905e-6
1830. 6.775644522484526e-6
1833. 7.4900619685196824e-6
1836. 8.181030862294508e-6
1839. 8.846814658360558e-6
1842. 9.485773568431359e-6
1845. 0.00001009636844466784
1848. 0.000010677162393575796
1851. 0.00001122682353576514
1854. 0.000011744126519910923
1857. 0.000012227953805091274
1860. 0.000012677297178614452
1863. 0.000013091257662149115
1866. 0.000013469046856559884
1869. 0.000013809986020236925
1872. 0.00001411350634825636
1875. 0.00001437914818034768
1878. 0.000014606559807214396
1881. 0.0000147954968648834
1884. 0.000014945820068048236
1887. 0.000015057494189350517
1890. 0.00001513058548729653
1893. 0.000015165259601802001
1896. 0.000015161779371755837
1899. 0.000015120501480061879
1902. 0.000015041874439877526
1905. 0.000014926434748758194
1908. 0.000014774803980500955
1911. 0.000014587685572261324
1914. 0.000014365860694099673
1917. 0.00001411018544894489
1920. 0.000013821586355113725
1923. 0.000013501056773894332
1926. 0.00001314965320316681
1929. 0.000012768490672060656
1932. 0.000012358739413352
1935. 0.000011921620208379357
1938. 0.000011458400313373712
1941. 0.000010970389773262917
1944. 0.000010458936565517372
1947. 9.925423040503663e-6
1950. 9.371261614629437e-6
1953. 8.797890336802743e-6
1956. 8.206769569999157e-6
1959. 7.599377278566422e-6
1962. 6.97720534449003e-6
1965. 6.341756011842946e-6
1968. 5.694537429260334e-6
1971. 5.0370605270362345e-6
1974. 4.3708352530596095e-6
1977. 3.6973666775144168e-6
1980. 3.0181522175712457e-6
1983. 2.3346778661680562e-6
1986. 1.6484150010652061e-6
1989. 9.608177849816937e-7
1992. 2.7331963682545083e-7
1995. -4.126692913009973e-7
1998. -1.0957645332504237e-6
2001. -1.7746104829371721e-6
2004. -2.4478822878494742e-6
2007. -3.1142880468082105e-6
2010. -3.7725715457089663e-6
2013. -4.42151360374305e-6
2016. -5.059934028607532e-6
2019. -5.686693766407214e-6
2022. -6.300695882643184e-6
2025. -6.900887137768419e-6
2028. -7.486259624444651e-6
2031. -8.055851377112746e-6
2034. -8.608747548209367e-6
2037. -9.144081577034576e-6
2040. -9.661035439363175e-6
2043. -0.000010158840402304884
2046. -0.00001063677779858859
2049. -0.000011094178912129236
2052. -0.000011530425317617183
2055. -0.000011944949339535167
2058. -0.000012337233566784094
2061. -0.00001270681078411082
2064. -0.000013053264209466639
2067. -0.000013376226629539822
2070. -0.00001367537995924118
2073. -0.000013950455304917002
2076. -0.000014201231739609185
2079. -0.000014427535621358272
2082. -0.000014629240307083438
2085. -0.000014806264842942695
2088. -0.00001495857299740291
2091. -0.00001508617258157235
2094. -0.000015189114206603662
2097. -0.000015267490030084796
2100. -0.00001532143269428104
2103. -0.000015351114282965753
2106. -0.000015356744708055022
2109. -0.000015338570384506023
2112. -0.000015296873363737586
2115. -0.000015231969435619061
2118. -0.000015144206755235278
2121. -0.000015033964712728696
2124. -0.000014901652302641855
2127. -0.000014747706502128288
2130. -0.000014572590886297015
2133. -0.000014376794367371755
2136. -0.00001416082933994374
2139. -0.00001392523018794248
2142. -0.000013670552099716091
2145. -0.000013397369366973015
2148. -0.00001310627375957903
2151. -0.000012797873166335508
2154. -0.000012472790336445445
2157. -0.000012131661118580192
2160. -0.000011775133018005932
2163. -0.000011403864023183296
2166. -0.000011018521170353234
2169. -0.00001061977896922542
2172. -0.000010208318131614274
2175. -9.784824502659082e-6
2178. -9.34998760637723e-6
2181. -8.90449923818491e-6
2184. -8.449052439170012e-6
2187. -7.98434044156611e-6
2190. -7.511055334834019e-6
2193. -7.0298868662970475e-6
2196. -6.541521585230283e-6
2199. -6.0466418567862135e-6
2202. -5.54592469489658e-6
2205. -5.040040775198026e-6
2208. -4.529653720273803e-6
2211. -4.01541924073109e-6
2214. -3.4979841511787862e-6
2217. -2.977985562088033e-6
2220. -2.4560503148101083e-6
2223. -1.9327942867860357e-6
2226. -1.4088215882770428e-6
2229. -8.847239120682243e-7
2232. -3.610801245497619e-7
2235. 1.615442663107797e-7
2238. 6.8259770378932e-7
2241. 1.2015431411863195e-6
2244. 1.717858257393621e-6
2247. 2.231035850207961e-6
2250. 2.7405841872242257e-6
2253. 3.246027537943141e-6
2256. 3.746906179351067e-6
2259. 4.242776654217664e-6
2262. 4.733211944528251e-6
2265. 5.21780184839553e-6
2268. 5.696152952665436e-6
2271. 6.167888691689302e-6
2274. 6.632649410480037e-6
2277. 7.090092473010555e-6
2280. 7.539892358146406e-6
2283. 7.981740465335088e-6
2286. 8.415345090256728e-6
2289. 8.8404313277612e-6
2292. 9.256741183457222e-6
2295. 9.66403327732535e-6
2298. 0.00001006208268847543
2301. 0.000010450680792718776
2304. 0.000010829635075627341
2307. 0.000011198769116394216
2310. 0.00001155792213964894
2313. 0.000011906948811483004
2316. 0.000012245718980678994
2319. 0.000012574117456119619
2322. 0.000012892043795324031
2325. 0.000013199411866459397
2328. 0.00001349614954966644
2331. 0.000013782198415252893
2334. 0.000014057513451661484
2337. 0.000014322062778823616
2340. 0.000014575827175357508
2343. 0.000014818799724866326
2346. 0.000015050985470361613
2349. 0.000015272401062987205
2352. 0.000015483074483785812
2355. 0.00001568304453428793
2358. 0.000015872360467607342
2361. 0.000016051081613272878
2364. 0.000016219276965218834
2367. 0.00001637702496873964
2370. 0.000016524412960361422
2373. 0.0000166615368228499
2376. 0.00001678850056580254
2379. 0.00001690541596605316
2382. 0.000017012402243734173
2385. 0.000017109585671596464
2388. 0.00001719709916259708
2391. 0.000017275081867967232
2394. 0.000017343678839144456
2397. 0.00001740304064383597
2400. 0.000017453323115104412
2403. 0.00001749468690641861
2406. 0.00001752729716597244
2409. 0.000017551323133864916
2412. 0.000017566937874540007
2415. 0.00001757431790457569
2418. 0.000017573642976613896
2421. 0.000017565095671851997
2424. 0.00001754886112351132
2427. 0.00001752512666329962
2430. 0.000017494081568634055
2433. 0.000017455916770578693
2436. 0.000017410824628554648
2439. 0.00001735899863535184
2442. 0.000017300633138514256
2445. 0.000017235923083517403
2448. 0.00001716506375297946
